[-1.74946931 -1.81860512 -2.10103858 -0.88081724 -2.05097392 -0.50210453 -1.92667176 -1.51523628 -2.05006817 -0.50119879 -1.75710788 -1.82624369 -1.91737286 -1.50593738 -2.09609328 -0.87587194]
[-1.62368062 -0.77273404 -1.52706362 -1.35594358 -1.75303448 -1.09835327 -2.14712562 -1.07033164 -1.75327515 -1.09859394 -1.52461557 -1.35349553 -2.15288532 -1.07609134 -1.62491804 -0.77397147]
[-2.19727581  0.70670915 -2.5021247  -0.43723604 -2.19589659  0.93502162 -2.76964775 -0.57353069 -2.77753813 -0.58142107 -2.50853035 -0.44364169 -2.20282991  0.9280883  -2.20526941  0.69871556]
[-1.83611105 -1.25276058 -1.64284252 -1.12486125 -2.37778034 -1.1959739  -2.32677867 -1.66059466 -1.63644882 -1.11846754 -1.8452679  -1.26191742 -2.38399238 -1.20218594 -2.32083297 -1.65464897]
[-1.97032057 -1.51306238 -1.583684   -1.64096923 -1.87687743 -0.34879583 -1.50597813 -1.49532142 -1.87412221 -0.3460406  -1.97158045 -1.51432226 -1.50196128 -1.49130457 -1.58284022 -1.64012545]
[-1.62436618  1.64414101 -2.61045732  0.76962934 -2.02328372  0.58690942 -2.01267698  1.11177417 -2.61337088  0.76671578 -2.00842963  1.11602152 -1.62953752  1.63896967 -2.02459269  0.58560045]
[-2.55626451  0.7710026  -1.6456707   0.49725515 -2.35653815  1.50407857 -1.8975319   1.4132566  -2.56386678  0.76340032 -1.9049646   1.40582389 -2.35362941  1.5069873  -1.63588974  0.50703611]
[-2.05404747  0.2872958  -1.56009744  0.33824449 -1.62039368  0.81884144 -2.35203569 -0.07930063 -1.56975343  0.32858849 -1.61815111  0.82108401 -2.3539892  -0.08125413 -2.05396532  0.28737794]
[-1.6962512  -1.03497262 -2.34372615 -1.06497068 -1.95465413 -0.27868961 -2.37076639 -0.52300441 -1.6897288  -1.02845022 -1.96089569 -0.28493117 -2.36505615 -0.51729417 -2.33792858 -1.05917311]
[-2.35879797  0.7772707  -2.77624135 -1.06318271 -2.23091082  1.27144135 -2.6619057  -1.19211765 -2.65974503 -1.18995697 -2.76876865 -1.05571002 -2.36633594  0.76973273 -2.23987209  1.26248009]
[-1.96795079 -1.36834341 -1.84446567 -2.51241185 -2.80217839 -0.74855881 -2.0085651  -1.67116035 -1.96307395 -1.36346657 -2.80713123 -0.75351165 -2.01839549 -1.68099074 -1.84614222 -2.51408841]
[-2.09664959  0.43006199 -1.64468453  0.06139351 -1.98845674  1.54605688 -1.94547514 -0.24221587 -1.63678162  0.06929642 -1.98135665  1.55315697 -1.94038404 -0.23712477 -2.09716688  0.4295447 ]
[-1.69323537 -1.76017767 -1.84509084 -1.21164405 -2.51508199  0.35222427 -1.95286108 -0.84919092 -2.51623231  0.35107395 -1.9595783  -0.85590814 -1.70184029 -1.76878258 -1.85375087 -1.22030407]
[-1.85790472  2.07028506 -2.49234782  0.51147876 -2.08631893  0.75192692 -1.83879969  1.15281728 -2.09540389  0.74284195 -2.50019321  0.50363338 -1.84996953  2.07822025 -1.84288494  1.14873204]
[-2.77541129  0.37535051 -2.80828973 -0.79493812 -2.00666847  1.54976637 -2.21172184 -0.47641475 -2.2101784  -0.47487131 -2.81288474 -0.79953313 -2.7700585   0.3807033  -2.00329772  1.55313712]
[-1.52575983 -0.78364372 -2.3743032  -0.1849812  -2.56924099 -0.37360444 -2.00728561 -0.87540273 -1.99807517 -0.86619229 -2.57911296 -0.38347642 -2.36454556 -0.17522357 -1.5287233  -0.78660719]
[-2.16543171  1.74830207 -2.54297581  2.06211887 -1.96634456 -1.32694437 -1.66435072  2.34593502 -1.6680024   2.34228334 -1.97219226 -1.33279208 -2.54668662  2.05840807 -2.1611995   1.75253429]
[-2.41914122 -0.86634966 -1.99031296 -0.05784396 -2.13585443  0.3863616  -1.55993337  0.30670472 -2.12700567  0.39521036 -2.41921187 -0.8664203  -1.55724318  0.30939491 -1.98617632 -0.05370732]
[-1.92627912 -0.03229245 -2.07994483 -0.69961231 -2.48535713 -1.33392873 -2.0233685  -0.86017426 -2.48743114 -1.33600273 -2.07323487 -0.69290235 -1.91646775 -0.02248108 -2.01350703 -0.85031279]
[-2.88566694 -0.85662254 -2.24290808 -0.24603925 -2.21447629  1.33115222 -1.95772134 -0.12802969 -1.96377412 -0.13408247 -2.8816091  -0.8525647  -2.21109948  1.33452902 -2.24392032 -0.24705149]
[-2.31564649 -0.66526584 -1.99689529  0.60823732 -2.72123321  0.20341226 -2.469565   -0.4622993  -2.47513836 -0.46787267 -1.99555764  0.60957498 -2.31070768 -0.66032703 -2.72824654  0.19639893]
[-2.15814499 -1.89868849 -1.85173163 -2.26544245 -2.02874049 -0.65652251 -1.96005026 -1.71752658 -1.84982605 -2.26353688 -2.02552695 -0.65330897 -1.96187348 -1.71934981 -2.16091368 -1.90145718]
[-1.90945009  1.64296522 -1.74783518  0.74914246 -2.35935571  2.05112123 -1.92981752  1.23080473 -1.90083667  1.65157863 -2.36653788  2.04393907 -1.92371484  1.23690741 -1.7492159   0.74776174]
[-2.48551263  1.3441297  -1.99974452  0.57008764 -1.84954093 -1.68332139 -2.06654146  1.43590717 -1.84397167 -1.67775213 -2.05866405  1.44378458 -2.00649381  0.56333836 -2.4863248   1.34331753]
[-2.7060365   1.07253456 -2.60983691  0.59706471 -2.73020439 -1.84386391 -2.60774786  1.85289364 -2.72906445 -1.84272397 -2.7136465   1.06492456 -2.60038632  0.6065153  -2.61764977  1.84299172]
[-2.50693768  0.06198525 -1.66823903  0.37028869 -1.92680877  0.51012882 -1.99275246 -0.72153622 -1.92952762  0.50740998 -2.00155115 -0.73033491 -2.51435316  0.05456977 -1.65984764  0.37868009]
[-2.46079564 -0.77391222 -2.05035519 -1.67033609 -2.48766186 -0.30978884 -2.55800371 -2.25719456 -2.45909937 -0.77221595 -2.49134669 -0.31347367 -2.04511448 -1.66509538 -2.55033634 -2.2495272 ]
[-1.59876717  1.04105181 -2.69449922  0.65252314 -1.81132902  0.42424842 -1.73111381  1.15145408 -1.60693796  1.03288102 -1.82009249  0.41548495 -1.73253345  1.15003444 -2.69474782  0.65227455]
[-1.5782654   0.83561247 -2.10242066 -0.17608576 -2.30751281  0.56899931 -2.68781471  0.8067062  -1.57238116  0.84149671 -2.68758518  0.80693572 -2.10807304 -0.18173814 -2.30074754  0.57576458]
[-2.38386618 -0.05369787 -2.63743345 -0.61944337 -2.17639326 -0.12051811 -1.85499559  0.41737705 -2.17869943 -0.12282427 -1.85078054  0.4215921  -2.39254856 -0.06238024 -2.63520628 -0.6172162 ]
[-1.69745535  1.20273143 -2.75239207  1.23663871 -2.76971057  2.13014929 -2.22683351  1.14722217 -2.75801091  1.23101987 -2.77661077  2.12324909 -1.69117218  1.20901459 -2.2190056   1.15505008]
[-1.50495188 -1.41212742 -1.7160582  -0.43235525 -2.38101823 -1.25203906 -1.60344602 -0.40804761 -1.72094923 -0.43724628 -2.39084183 -1.26186266 -1.5094685  -1.41664404 -1.61105416 -0.41565576]
[-2.86518485  0.31333742 -2.8499185  -0.2091964  -2.51389308  0.15679515 -2.48286779  0.45638112 -2.85805355 -0.21733145 -2.51573624  0.15495199 -2.85901903  0.31950325 -2.48980296  0.44944595]
[-2.17413488 -0.12891698 -2.32475449  0.66983069 -2.58073741 -2.3164599  -2.68231588  0.71041996 -2.31781179  0.67677339 -2.57286741 -2.3085899  -2.17780018 -0.13258228 -2.6862597   0.70647614]
[-2.0859606   1.2782481  -1.79030637  1.27161433 -2.88405809 -1.46272281 -2.55660421  0.31739966 -2.87772605 -1.45639078 -1.79076198  1.27115873 -2.55562806  0.31837581 -2.08017989  1.2840288 ]
[-2.83757657  2.60331333 -2.05293723  2.76165389 -2.46341434  1.73481361 -1.67663235  2.73908408 -1.66930704  2.74640939 -2.05240919  2.76218193 -2.83916784  2.60172206 -2.46418548  1.73404247]
[-2.43504168  1.9946758  -1.98134668  0.46876854 -2.62663776  0.1637141  -2.29937111  2.11598906 -2.43745156  1.99226593 -2.30018053  2.11517964 -1.98010841  0.47000681 -2.61898152  0.17137034]
[-2.67211645 -1.75982353 -2.40769088 -1.96332419 -1.93101505  0.42960331 -2.27674808 -2.41294077 -2.41683772 -1.97247103 -2.27791258 -2.41410527 -2.66855411 -1.75626119 -1.93256172  0.42805664]
[-2.11805122  1.23221799 -1.81483139 -0.02033479 -2.21378199  2.1880402  -1.5386248  -0.21203572 -2.11903942  1.2312298  -2.21052708  2.19129511 -1.53378209 -0.20719301 -1.82481823 -0.03032162]
[-2.68533682  0.22643718 -1.8259843   0.77923674 -2.02548361 -1.55095776 -2.23810488 -0.04308799 -2.68163467  0.23013933 -2.03478415 -1.5602583  -2.24716742 -0.05215053 -1.82639267  0.77882837]
[-1.88738537  0.08901834 -1.85608423  0.64966675 -1.90600557  1.63132712 -2.36909136  1.57395296 -1.87960877  0.09679494 -1.91026126  1.62707143 -2.37517368  1.56787065 -1.84912595  0.65662503]
[-2.05896566  2.68666633 -2.06178919  0.67071627 -2.4065116   0.56416307 -2.67000989  2.00366392 -2.6734132   2.00026061 -2.05694288  2.68868911 -2.4160491   0.55462557 -2.0614206   0.67108487]
[-1.86081026  0.36553486 -2.46962394  0.50350508 -2.0166602  -2.2070391  -2.35608644  0.94115163 -1.86284237  0.36350274 -2.0196218  -2.2100007  -2.46874822  0.5043808  -2.3463508   0.95088727]
[-2.26836336 -0.33278839 -2.42163752  1.00921943 -2.58857532 -0.18862442 -1.73441271 -0.42098292 -2.25969575 -0.32412078 -1.74061049 -0.42718071 -2.41602165  1.01483531 -2.58992512 -0.18997422]
[-2.67878303 -0.08014973 -2.4409731   0.6469029  -2.63891226 -0.18419399 -1.5683334  -0.66551879 -2.44868665  0.63918934 -2.67554748 -0.07691417 -1.576112   -0.6732974  -2.63545237 -0.18073409]
[-2.06134314  2.78463594 -2.84293725  1.53983183 -2.28194596  1.39039415 -2.03462338  2.5342897  -2.04164273  2.52727035 -2.06435607  2.78162301 -2.28259073  1.38974938 -2.84735457  1.53541451]
[-2.64146515  0.8288865  -2.29014356 -0.54942696 -2.69706566  1.327532   -2.66954548 -1.71822026 -2.67623289 -1.72490767 -2.29634554 -0.55562895 -2.69454793  1.33004973 -2.63575691  0.83459474]
[-2.06857807 -2.17374484 -1.51382711  0.36600442 -1.79664385  0.6997944  -2.04709997  1.1585966  -2.06819794 -2.17336471 -1.80048347  0.69595478 -2.03868963  1.16700693 -1.51794369  0.36188784]
[-2.27667809  1.48092027 -2.20416672  1.86206954 -1.62134804 -0.34944293 -1.88971062  1.1994325  -2.20340986  1.8628264  -1.89677673  1.19236639 -2.28338322  1.47421515 -1.61206499 -0.34015988]
[-2.29006252 -0.67419201 -2.54248688  0.53211471 -2.72527723 -1.48592932 -2.79364328 -1.14814332 -2.54455593  0.53004566 -2.29968678 -0.68381627 -2.72260126 -1.48325335 -2.78892178 -1.14342183]
[-1.52987469  2.39418943 -2.14367216  1.82665732 -2.65023037  1.98750151 -2.40719496  1.63179041 -2.64102385  1.99670803 -1.52437429  2.39968982 -2.41368281  1.62530256 -2.13496357  1.83536591]
[-1.93532311  0.76581303 -2.59310297  1.44389557 -2.69279902 -2.27577453 -2.5577944   2.14871259 -1.92935178  0.77178435 -2.56057876  2.14592823 -2.60025732  1.43674122 -2.69747049 -2.28044599]
[-2.06696444  1.30159009 -2.23787954  2.30406985 -1.52295166 -1.60559518 -2.32313969  1.06671789 -1.52753396 -1.61017748 -2.24722694  2.29472246 -2.05799323  1.31056131 -2.32086177  1.06899581]
[-2.8909702   2.77367003 -2.05440295  1.90630019 -1.95062296  2.42657098 -2.38183248  2.7388996  -1.94930363  2.42789031 -2.89943717  2.76520306 -2.37278756  2.74794452 -2.05339746  1.90730569]
[-1.76727642  2.08583467 -2.03558311  2.81322991 -2.26062386  2.49514248 -2.53381972  2.52491395 -1.76511926  2.08799183 -2.25802886  2.49773747 -2.53894982  2.51978386 -2.03323251  2.81558051]
[-2.19298809 -1.38709107 -1.52630586 -1.87876346 -1.80670986 -2.29109595 -2.40237733 -2.27548467 -2.18890962 -1.3830126  -2.40011375 -2.27322109 -1.79742742 -2.28181351 -1.52000765 -1.87246525]
[-2.49454624  1.73327705 -2.53514284  2.25300786 -2.2660315   0.55629835 -2.57369715  1.0831353  -2.52581834  2.26233236 -2.49357981  1.73424349 -2.25619968  0.56613016 -2.56866567  1.08816678]
[-2.32099402  1.06640676 -2.34232171  0.22734088 -2.86380613  0.9865628  -2.61911     2.18773798 -2.34452554  0.22513706 -2.31312768  1.0742731  -2.61376685  2.19308113 -2.86165737  0.98871156]
[-2.23627033  1.90242174 -1.68716536  1.15218124 -2.57794414 -2.05323989 -2.61009609  2.30376738 -2.58136317 -2.05665892 -2.61519265  2.29867083 -1.67766787  1.16167874 -2.24130325  1.89738881]
[-1.85502614  0.01335506 -1.91886604 -1.56444246 -1.86131081  0.00572759 -1.95074988 -0.22152459 -1.95842047 -0.22919518 -1.8624364   0.00594479 -1.91670633 -1.56228275 -1.85754263  0.00949577]
[-2.5682559   1.49619375 -2.63477901  2.21723518 -2.57150174 -1.55774872 -1.57074935  1.76516826 -1.58006882  1.75584879 -2.56284331 -1.54909028 -2.63352849  2.2184857  -2.56700204  1.49744762]
[-2.31372286  0.24281622 -2.22989777 -0.18704353 -2.60453881 -1.37518967 -1.73378239  0.858731   -1.74252377  0.84998963 -2.613109   -1.38375986 -2.31410446  0.24243462 -2.23158686 -0.18873263]
[-2.21889484  1.76792974 -1.88271243 -1.7934012  -2.01537515 -1.29148647 -1.736419   -0.78026345 -2.01315483 -1.28926615 -1.74191954 -0.785764   -1.87328747 -1.78397624 -2.22597574  1.76084883]
[-2.31285776  1.06522943 -1.59357547  2.30406175 -2.34071687  0.03539994 -2.21598974  2.06472153 -1.60101141  2.29662581 -2.21183679  2.06887448 -2.31399076  1.06409642 -2.3428131   0.0333037 ]
[-1.93895352 -1.58993196 -1.90507321  1.14743187 -1.9454988  -1.43969804 -2.42757861 -2.0676458  -2.42126603 -2.06133322 -1.89652086  1.15598422 -1.93610375 -1.430303   -1.93069583 -1.58167426]
[-2.12281542 -0.61387985 -2.10225579 -1.52372769 -2.18845653 -1.76106291 -2.4522769  -0.09843036 -2.46042194 -0.1065754  -2.09435692 -1.51582882 -2.11839879 -0.60946322 -2.19078494 -1.76339132]
[-2.18827008  0.67611835 -2.83134752  0.60509168 -2.62615461 -0.95008753 -2.30240537  2.00895952 -2.62921704 -0.95314995 -2.82676187  0.60967733 -2.18311456  0.68127387 -2.29470217  2.01666272]
[-1.8080402   0.89178629 -2.11092807 -0.50650357 -2.45002332 -1.23766721 -2.08001188  1.33291694 -2.08489894  1.32802988 -1.8019912   0.89783529 -2.11254737 -0.50812287 -2.45211891 -1.2397628 ]
[-1.71531735 -1.49973818 -1.73024174 -0.46964242 -1.84445914  1.80697904 -1.77767418  1.79118587 -1.72101727 -1.5054381  -1.83988295  1.81155524 -1.78415469  1.78470535 -1.73900797 -0.47840864]
[-2.86370107 -2.25198947 -2.0245067  -2.33522002 -2.22952323 -2.75861368 -2.0357069  -2.13135486 -2.03066666 -2.12631463 -2.8539278  -2.24221619 -2.23155449 -2.76064494 -2.0233075  -2.33402082]
[-1.98257982 -0.70800897 -2.22527401  0.32183989 -1.58413331  2.11530855 -2.32492043 -0.1116211  -1.97735008 -0.70277922 -2.31680658 -0.10350725 -1.59060272  2.10883914 -2.23090661  0.31620729]
[-2.62235622  1.88456824 -2.03454783  0.91934694 -2.43553271 -0.70785133 -2.36539799  0.76643033 -2.44249144 -0.71481006 -2.04233752  0.91155725 -2.61594154  1.89098292 -2.36771075  0.76411757]
[-1.95573579  1.08074704 -2.11635304 -0.8255773  -2.35776606  1.13374572 -2.118462    0.21653398 -2.1217397   0.21325627 -2.3531453   1.13836648 -1.95012456  1.08635827 -2.11391224 -0.8231365 ]
[-2.15072902 -0.27837344 -2.60569562 -0.35617452 -2.66604522  0.16679284 -1.55059255  1.94457709 -2.14243076 -0.27007518 -1.54534754  1.94982209 -2.60019431 -0.35067321 -2.66413224  0.16870582]
[-1.9583767   0.10339722 -2.42045739  1.19026915 -2.58044272  2.00395519 -2.63900106 -0.18414318 -1.95861092  0.103163   -2.63387813 -0.17902025 -2.42464278  1.18608375 -2.58346672  2.0009312 ]
[-2.06981185 -2.0601268  -1.73567118 -2.00888164 -2.80493834  0.29696814 -2.56864875 -1.23097978 -2.80461792  0.29728856 -2.06578628 -2.05610122 -2.57668161 -1.23901264 -1.73694809 -2.01015854]
[-2.54363916  2.23295331 -2.36367818 -0.04675404 -2.51862065  2.45903172 -2.19971841 -0.785641   -2.20584304 -0.79176564 -2.51415566  2.46349672 -2.35821507 -0.04129093 -2.54378666  2.23280581]
[-2.72581391 -0.68075741 -2.59192811 -2.7022767  -2.15277054 -0.9963285  -2.50597553 -1.84347599 -2.15639743 -0.99995539 -2.71888941 -0.67383291 -2.59903293 -2.70938152 -2.51515844 -1.85265889]
[-2.34167426 -1.15433981 -1.80930862 -2.57874513 -1.7349893  -1.78931944 -1.5726781  -0.42785385 -1.57656818 -0.43174394 -1.80494546 -2.57438197 -1.73061976 -1.7849499  -2.34686438 -1.15952993]
[-2.03983826 -1.01925431 -2.1463666  -1.24387204 -2.48518626  2.21344366 -2.69701283 -1.20787151 -2.47706458  2.22156535 -2.139567   -1.23707243 -2.70630343 -1.21716211 -2.04058047 -1.01999653]
[-2.45011922  1.83085645 -2.03370796  1.51536594 -1.62574276 -1.53562852 -2.65423522 -0.63321075 -1.63425582 -1.54414158 -2.65264955 -0.63162509 -2.45120948  1.82976619 -2.04106374  1.50801016]
[-2.55912774  0.7156575  -2.25360093  1.53292142 -2.80555572  2.20708307 -2.0126014  -1.00639608 -2.5599518   0.71483344 -2.00630255 -1.00009722 -2.80551492  2.20712387 -2.25606058  1.53046176]
[-1.75970735 -2.2984178  -2.69922225 -2.33754385 -2.07362047 -2.57567577 -2.17336939 -1.99386005 -2.07806261 -2.58011791 -2.7027988  -2.3411204  -1.7630382  -2.30174866 -2.17715754 -1.99764819]
[-2.48437717  2.39110001 -2.0300879  -1.40854546 -1.89066457 -0.97549361 -1.9936177  -0.75237468 -1.90050075 -0.9853298  -2.02439047 -1.40284803 -1.98858935 -0.74734633 -2.48725077  2.38822641]
[-2.6051912   0.87486525 -2.52675378 -0.95449609 -1.76755091  2.44161924 -1.62430601  0.3467569  -2.60213735  0.8779191  -1.75969976  2.44947039 -1.61668984  0.35437307 -2.53623243 -0.96397475]
[-1.54842799  1.45986517 -2.27154774  1.0048515  -2.77831435 -0.09656128 -1.77214823  1.45873768 -1.54048335  1.4678098  -1.77137157  1.45951434 -2.78791463 -0.10616156 -2.27605786  1.00034137]
[-2.60285208 -2.45782976 -2.39596772 -1.25538115 -1.51128782 -1.24977481 -2.67210832 -1.62466589 -1.51318157 -1.25166856 -2.66810445 -1.62066202 -2.60394572 -2.45892339 -2.38912922 -1.24854266]
[-2.18800993 -0.90789665 -1.81984718  1.75916296 -2.3124306  -1.72290398 -2.80344088 -1.74520619 -2.18614227 -0.906029   -1.82238452  1.75662562 -2.30561613 -1.7160895  -2.80607476 -1.74784007]
[-2.06692313 -1.03550424 -2.1244838  -1.905712   -2.05895881  0.37723196 -2.31868372 -2.73116929 -2.30888133 -2.7213669  -2.06636207  0.3698287  -2.05886877 -1.02744988 -2.12316523 -1.90439344]
[-2.25396167  1.94005053 -1.8302316   2.65200342 -1.53913476  0.37122049 -2.02585765  1.48952492 -2.03495857  1.48042399 -1.8223282   2.65990681 -1.53489461  0.37546063 -2.2479653   1.94604689]
[-2.09510358  2.69689373 -1.71947297  2.15134376 -2.05718718  0.59654763 -1.76393193  2.18386075 -1.72422301  2.14659372 -1.75654445  2.19124823 -2.10058773  2.69140957 -2.05083791  0.6028969 ]
[-2.48699252  0.78033306 -2.45041122  0.99081603 -1.93811467  2.01109474 -2.68490098 -1.11864438 -2.45745001  0.98377724 -2.69177301 -1.12551641 -2.48386198  0.78346361 -1.94676726  2.00244215]
[-2.25793264 -0.78585994 -2.08591044  0.19102628 -1.87210557  1.29439283 -2.56678457 -1.18009201 -2.57026926 -1.1835767  -1.86680631  1.2996921  -2.25348083 -0.78140812 -2.08143174  0.19550498]
[-2.54010311  0.91162488 -2.35472711  1.5673325  -1.56208426 -2.88602266 -2.12897554  0.66998009 -2.12918862  0.66976701 -2.34609242  1.5759672  -2.54831554  0.90341245 -1.55544399 -2.87938239]
[-2.50785718 -1.39251276 -1.90216752  2.37018303 -2.35546742  0.43621197 -2.59239109 -0.73653115 -2.59870648 -0.74284653 -2.35420245  0.43747693 -2.51028903 -1.39494461 -1.89331405  2.3790365 ]
[-1.57544736 -0.03759063 -2.49938389 -1.30346757 -2.12098375 -1.81831036 -2.28284509 -1.8269443  -2.50303768 -1.30712136 -2.1279958  -1.82532241 -2.28105845 -1.82515765 -1.57367371 -0.03581699]
[-2.58353431  0.11783747 -2.1445511   0.88783135 -1.79862103 -2.76851899 -2.69299752  1.46350006 -2.13838583  0.89399661 -2.69763624  1.45886134 -2.5891312   0.11224058 -1.80058556 -2.77048352]
[-1.7799518   1.0786827  -1.9443836   2.61757593 -2.35921318 -1.16509475 -2.11703923  2.04917053 -1.9399968   2.62196273 -2.35238754 -1.15826911 -2.12474746  2.0414623  -1.78704561  1.07158889]
[-2.43501933  1.14733244 -2.52431138  1.78759093 -2.20885751  2.06911959 -2.48350327  0.25899644 -2.43761229  1.14473948 -2.52388983  1.78801248 -2.48659569  0.25590402 -2.21690991  2.06106719]
[-2.15639632  1.38494414 -2.77415789  1.61588458 -2.17586402 -0.57772883 -1.78155274  0.01281312 -1.78047483  0.01389103 -2.78353416  1.60650831 -2.15289129  1.38844917 -2.17844883 -0.58031364]
[-2.23861393 -0.44828235 -2.70065777 -0.4318504  -2.51720472 -1.1520972  -2.75564144  1.58146491 -2.23784907 -0.44751748 -2.75614081  1.58096555 -2.7079116  -0.43910423 -2.51926144 -1.15415393]
[-2.54452144 -2.41274589 -2.35244782 -1.25490844 -1.8410575  -1.51267022 -1.68811499 -0.30010301 -2.35110778 -1.25356841 -1.83357819 -1.50519092 -2.5440747  -2.41229915 -1.69019827 -0.30218629]
[-1.59193647 -0.72265443 -2.51832167 -0.83790782 -2.44428052  0.30730371 -2.64295733 -1.90164774 -2.52246163 -0.84204778 -2.45150399  0.30008023 -2.63649282 -1.89518323 -1.58472531 -0.71544326]
[-2.71848121  2.76587724 -2.29277066  2.45384704 -1.90641202 -0.12230296 -2.47689162  1.93893667 -2.47367482  1.94215348 -2.29057166  2.45604605 -1.91152747 -0.12741841 -2.72330585  2.76105259]
[-1.55102457  1.33725271 -1.6451017   2.6099866  -1.96753901 -1.80893426 -2.33348612  1.41145542 -1.95899783 -1.80039308 -1.64597925  2.60910906 -1.55379844  1.33447883 -2.3311962   1.41374534]
[-2.43266132  2.34322773 -1.63502818  1.64741006 -2.30954156 -1.02351057 -1.82000555  0.91635252 -2.44229014  2.33359891 -1.81947679  0.91688129 -1.6402757   1.64216254 -2.30535069 -1.0193197 ]
[-2.17943225  1.38508316 -2.58075809 -0.74015024 -1.98057171 -1.46042591 -2.26160307  2.13469438 -2.17081232  1.39370308 -2.25253575  2.14376169 -1.97542329 -1.45527749 -2.57113689 -0.73052904]
[-1.82450801 -2.17921208 -1.64264095 -2.6942475  -2.23212314 -0.15220188 -1.76909684 -0.5596489  -2.23069849 -0.15077723 -1.77557132 -0.56612338 -1.63343938 -2.68504592 -1.81657592 -2.17127999]
[-2.53690592 -1.59255591 -2.83565956 -2.84321195 -2.51816617  0.80402695 -2.22080249 -2.64327948 -2.54602193 -1.60167191 -2.83344737 -2.84099975 -2.21372656 -2.63620356 -2.51034062  0.8118525 ]
[-1.98060839 -0.3490173  -2.14644089  2.22142216 -2.40044496  0.89317151 -1.53201447  1.41362104 -1.97159155 -0.34000046 -1.53900528  1.40663022 -2.40313648  0.89047999 -2.14033702  2.22752603]
[-2.4701301  -1.51915169 -2.24679863 -0.54782069 -1.96713493  1.08205859 -2.76729298  0.84932596 -2.2508568  -0.55187887 -2.46878674 -1.51780833 -2.7704953   0.84612365 -1.96260137  1.08659215]
[-2.5917407  -1.73759974 -2.86933451 -2.26327541 -2.70093828 -0.71338488 -1.85510175 -1.6132633  -1.85773759 -1.61589913 -2.60024301 -1.74610204 -2.70047433 -0.71292092 -2.86272096 -2.25666186]
[-2.48560699 -2.74175606 -2.17717185  0.24475055 -2.07885891  1.98461015 -2.36211571  1.45363992 -2.48373607 -2.73988513 -2.06919457  1.99427449 -2.36657743  1.4491782  -2.18440193  0.23752047]
[-2.88823227  1.36619807 -2.28291489  1.14366134 -1.99191363 -1.8028307  -2.20802291 -1.04722984 -2.19986944 -1.03907637 -1.98543873 -1.7963558  -2.89176663  1.36266371 -2.27909462  1.14748161]
[-2.17128988  2.41968943 -2.3819035   2.50307971 -2.08755934 -1.0886412  -2.30660584 -1.46877353 -2.09254169 -1.09362356 -2.17582536  2.41515395 -2.3029353  -1.46510299 -2.38018873  2.50479448]
[-2.209359    0.4436392  -1.7952365  -0.47026176 -1.75134315  0.47278067 -2.33264475 -1.96984121 -1.79788201 -0.47290727 -2.20452751  0.44847068 -1.75246797  0.47165585 -2.33139994 -1.96859639]
[-1.77553151 -1.42720661 -1.64332087  0.19780473 -2.49782952  2.40735345 -1.69701299 -0.86029866 -1.77550853 -1.42718364 -2.49287138  2.41231158 -1.63591643  0.20520917 -1.69202543 -0.8553111 ]
[-2.61842254 -1.0010183  -2.14086655  0.66991417 -2.08793978  1.80060079 -2.47415619 -0.7701648  -2.13957033  0.67121039 -2.4769459  -0.77295451 -2.09508438  1.79345619 -2.61776471 -1.00036048]
[-1.65820287 -0.82635721 -2.4338196   0.16581453 -1.64266887  0.41994082 -2.89738153  0.67804051 -1.63526867  0.42734102 -2.89598154  0.6794405  -2.44269714  0.15693699 -1.65968106 -0.82783539]
[-1.94090702 -1.57274896 -1.59066147 -0.91497308 -1.81405212 -1.89222352 -2.88218768 -0.48446322 -1.94456481 -1.57640675 -2.88072548 -0.48300102 -1.58612535 -0.91043696 -1.80835799 -1.88652939]
[-1.83144524  1.20667271 -2.28653114  1.70441631 -2.75342327 -1.83584375 -2.17365033 -0.49929876 -2.75060028 -1.83302075 -1.82728527  1.21083268 -2.28688131  1.70406614 -2.17548223 -0.50113067]
[-2.32265034 -1.33580378 -2.19052584  2.70697262 -2.86957592 -1.21693794 -2.80189988 -0.47752716 -2.32727284 -1.34042627 -2.79918315 -0.47481042 -2.86394512 -1.21130714 -2.19508669  2.70241178]
[-2.62346566 -0.49026729 -2.83928863  0.93017332 -2.36411357 -1.85493085 -2.25923642 -0.86787088 -2.84163758  0.92782437 -2.61771554 -0.48451717 -2.26875028 -0.87738474 -2.36340757 -1.85422485]
[-2.08390966 -1.43000271 -2.11900237 -2.34557261 -1.99990852  1.24263428 -1.82203969 -2.28828369 -1.82181494 -2.28805894 -2.12268455 -2.3492548  -2.0866223  -1.43271535 -1.99074647  1.25179633]
[-1.95044864  0.07332905 -2.51049212  1.54994939 -2.31092741  0.18971561 -2.48105107 -2.28857725 -2.31745892  0.1831841  -1.94910187  0.07467583 -2.48124272 -2.2887689  -2.501095    1.55934652]
[-2.62720293  0.53542071 -2.04313112 -0.33000111 -1.6937754   0.24805037 -2.59072881  1.54643481 -2.59205471  1.54510892 -2.63118376  0.53143988 -2.05043596 -0.33730594 -1.68962909  0.25219668]
[-2.53851568  2.44476806 -2.1984093   1.33202868 -1.71762558 -1.30352812 -1.72622632 -0.49250116 -1.70794373 -1.29384627 -1.71733409 -0.48360894 -2.19862238  1.3318156  -2.53778961  2.44549413]
[-2.82494406 -0.05025309 -2.53740856 -0.62643784 -2.56112581  1.08400491 -2.24983014  1.77811384 -2.81689988 -0.04220891 -2.24881248  1.7791315  -2.54067461 -0.62970389 -2.56375891  1.08137181]
[-2.108693    1.11270547 -2.27546693  0.73473059 -2.48870919 -2.84062303 -2.4388222   2.08983013 -2.44361426  2.08503806 -2.11807683  1.10332164 -2.2660051   0.74419242 -2.49386441 -2.84577825]
[-2.03813642 -2.0284892  -1.95059484  1.13856315 -2.26314933  1.19363621 -1.84442601  1.62051632 -2.27176784  1.18501771 -1.94569653  1.14346147 -2.03395896 -2.02431175 -1.83487656  1.63006577]
[-1.52186110e+00  2.31009870e-03 -2.89962544e+00 -3.62161855e-01 -2.37704008e+00  1.81872190e+00 -2.72596807e+00  1.56791363e-01 -2.89559599e+00 -3.58132411e-01 -2.72842529e+00  1.54334147e-01 -1.52836453e+00 -4.19333641e-03 -2.37549003e+00  1.82027196e+00]
[-1.50530101 -2.14963959 -2.62504983 -0.20263554 -2.18562639  0.06771341 -2.48439313 -1.91290707 -2.47975943 -1.90827338 -2.63457159 -0.2121573  -2.18617644  0.06716336 -1.50400568 -2.14834426]
[-2.48882866 -0.10092444 -1.63329023  0.88401147 -1.89071649 -2.30836144 -2.23204921 -0.55838757 -2.49432322 -0.10641901 -1.63720757  0.88009413 -1.88735321 -2.30499815 -2.22847868 -0.55481704]
[-1.7566719  -1.24243994 -2.08608835 -0.7018351  -2.74954128  2.77535215 -1.96498475 -1.59184816 -1.96886171 -1.59572512 -2.7466416   2.77825184 -1.75900748 -1.24477551 -2.07984026 -0.69558701]
[-2.55515465 -1.63264786 -2.10420916 -0.03992562 -2.85867419  1.30159102 -2.53429659 -1.00158399 -2.85429859  1.30596662 -2.10822407 -0.04394053 -2.53709462 -1.00438203 -2.55075291 -1.62824612]
[-1.98501436 -2.13905777 -1.80867207 -0.25651139 -2.46258836  0.73250217 -1.66948937 -0.30119784 -2.45932804  0.73576249 -1.67169534 -0.3034038  -1.80175961 -0.24959894 -1.98127894 -2.13532234]
[-2.17866648 -2.72169235 -2.10197515 -1.85490384 -1.50597719 -2.5605471  -2.11364919 -0.70971222 -2.12103032 -0.71709334 -1.50692675 -2.56149665 -2.1766111  -2.71963696 -2.10035397 -1.85328265]
[-2.09310572 -0.69993022 -2.12118616  1.43042603 -2.44993526  2.83973106 -2.04208756  0.40838953 -2.05113875  0.39933834 -2.45569263  2.8339737  -2.08835669 -0.6951812  -2.12867249  1.4229397 ]
[-2.01896184 -0.9014612  -1.8108446   2.83804256 -1.7868137  -0.31438971 -2.52894825 -1.40152406 -2.53642225 -1.40899807 -2.01477536 -0.89727472 -1.78477585 -0.31235185 -1.80415082  2.84473635]
[-1.90953257 -0.30620175 -2.22294201 -2.0827075  -2.19569405 -2.66310684 -2.69067918 -0.37674103 -1.91248364 -0.30915282 -2.19168315 -2.65909594 -2.21496699 -2.07473249 -2.70050581 -0.38656767]
[-2.08131873  2.45454797 -2.62360033 -0.54295395 -1.98309042 -0.95924992 -2.04345883  1.20822654 -2.08640616  2.44946054 -2.03409946  1.2175859  -1.97419116 -0.95035065 -2.6153312  -0.53468482]
[-2.27831811  0.44646466 -2.33179277 -1.52842781 -2.74153453  2.6048588  -1.97576991  0.70124717 -1.9711819   0.70583518 -2.73935564  2.6070377  -2.27012301  0.45465976 -2.32860848 -1.52524351]
[-2.42884057  0.84553193 -1.67294669 -0.33585764 -2.68966384  1.46708255 -2.11088517  2.31475631 -2.68054775  1.47619864 -2.43803748  0.83633502 -2.10836216  2.31727931 -1.66704293 -0.32995388]
[-2.67709455  1.90513633 -2.64664917  1.23055096 -2.61419938 -0.85999442 -2.57316389  1.7885963  -2.64329778  1.23390235 -2.67649208  1.9057388  -2.61135057 -0.85714561 -2.57719014  1.78457006]
[-1.79229474  0.03635912 -1.80621813 -0.53760536 -1.78905421  1.13782878 -1.98546383 -1.84953579 -1.78759031  0.04106356 -1.79145054  1.13543244 -1.81101213 -0.54239936 -1.99312111 -1.85719307]
[-2.51654503 -1.889729   -2.51526771 -0.8508098  -2.37161555 -0.36151486 -2.31287516  2.39485182 -2.52308705 -1.89627103 -2.36922836 -0.35912766 -2.30902281  2.39870418 -2.52260617 -0.85814826]
[-1.67182774 -0.78029307 -2.51482134 -0.49645973 -1.88981152  2.28539706 -1.90195838  1.49937331 -2.5113208  -0.49295919 -1.88498616  2.29022242 -1.90416445  1.49716724 -1.66323489 -0.77170022]
[-2.8478396  -2.0475703  -1.71162994 -2.29675612 -2.15098134  1.43955998 -2.57726058 -1.88470244 -2.14471275  1.44582857 -2.58045125 -1.88789311 -2.84437004 -2.04410074 -1.70798553 -2.29311171]
[-2.75155799 -0.60358726 -2.77534011  0.9037466  -1.57295795  1.47995459 -2.51356805 -1.67041341 -2.52249946 -1.67934481 -2.74722034 -0.59924961 -2.7778267   0.90126001 -1.57023952  1.48267303]
[-2.21952989  1.65785376 -2.6931801   0.34484278 -2.2066104   1.95712387 -2.34072427 -1.11528188 -2.69184119  0.34618169 -2.2079395   1.95579478 -2.22594408  1.65143957 -2.33958797 -1.11414559]
[-2.21908645 -1.77938524 -1.71295633  0.02067572 -2.15999017 -1.22715281 -2.17545364 -2.88086342 -2.22591986 -1.78621866 -1.71404192  0.01959014 -2.16197575 -1.22913839 -2.18320108 -2.88861086]
[-2.74672283 -0.74201048 -2.05370494  1.10210715 -2.63559532  1.8533475  -2.29890355 -2.32087943 -2.30126886 -2.32324474 -2.73895098 -0.73423864 -2.62861313  1.86032969 -2.06050959  1.0953025 ]
[-2.75642089  1.66189598 -2.40940616  2.38390015 -2.19766397  2.17025742 -1.5510505   1.32450513 -1.5579961   1.31755952 -2.7579548   1.66036207 -2.4069825   2.38632381 -2.20630359  2.16161779]
[-2.69735462  0.76969296 -1.55091182  0.840265   -2.21243053  2.72215982 -1.97499094 -0.38536366 -1.55051513  0.8406617  -2.22195792  2.71263243 -2.69953431  0.76751327 -1.97335629 -0.383729  ]
[-2.68453294 -0.75311153 -2.70407009  1.31280393 -2.23720208 -0.30152302 -1.64996945  0.16982227 -2.68890184 -0.75748043 -2.70089025  1.31598377 -2.23218181 -0.29650275 -1.65960284  0.16018888]
[-1.77194168 -0.85221725 -2.59634538  1.55473424 -1.81276906 -0.41521156 -2.46846313  1.35225954 -1.816681   -0.41912349 -1.76922223 -0.8494978  -2.60082947  1.55025015 -2.46790127  1.35282139]
[-2.08781662  0.89778138 -2.26693651  2.0437022  -2.51441986 -0.07678937 -1.63158254 -0.88411006 -1.63247167 -0.88499919 -2.27346027  2.03717844 -2.09243898  0.89315902 -2.51029694 -0.07266645]
[-2.73960927  1.50140441 -2.1985614   0.82870729 -2.23570015 -1.28964847 -2.4100043   2.62289932 -2.40157692  2.63132671 -2.23226871 -1.28621703 -2.19579273  0.83147596 -2.74425606  1.49675762]
[-2.83101736 -1.99080247 -2.00142165  2.21467927 -2.62782484 -0.02758394 -1.85385046 -0.91660277 -1.85991025 -0.92266256 -2.8333447  -1.99312981 -2.6285892  -0.0283483  -2.01082505  2.20527587]
[-2.02406832 -1.55460756 -1.84217372 -1.93111147 -1.59825817  2.7015219  -1.83611617 -1.20563822 -1.59409631  2.70568376 -1.82963267 -1.19915472 -2.02910322 -1.55964246 -1.84903348 -1.93797123]
[-1.51839595  1.60663411 -2.00128127  0.3848543  -2.10231945 -2.08600073 -2.47728476  2.17802312 -2.00547305  0.38066252 -2.47000105  2.18530683 -1.51564936  1.6093807  -2.0968986  -2.08057987]
[-1.71792571 -1.03617291 -2.22717914  1.82365364 -2.88678361 -2.62055575 -1.87335993 -1.32502303 -2.22920501  1.82162777 -1.72623593 -1.04448314 -2.89402897 -2.62780111 -1.86706967 -1.31873277]
[-1.77136337  0.64451125 -2.34060458 -0.08308411 -2.32365041 -1.86965781 -2.45939673 -0.04537448 -2.45770793 -0.04368568 -1.76419275  0.65168187 -2.32794811 -1.87395551 -2.34328707 -0.08576661]
[-2.34716455  1.71631046 -2.19976916  1.60749525 -2.69184411 -2.41031861 -2.73982913  1.01067291 -2.74686392  1.00363811 -2.20009468  1.60716973 -2.6989502  -2.41742471 -2.34109395  1.72238106]
[-2.38960492  0.38710089 -2.34226827  1.73022655 -1.8048766  -2.00379473 -2.45087876 -0.9007209  -2.34701812  1.72547671 -1.79901608 -1.99793421 -2.45505543 -0.90489757 -2.39016158  0.38654423]
[-2.58492623 -0.40469753 -1.6341119   1.77836097 -1.70480674 -0.28172436 -1.77665294 -1.33701937 -1.63123545  1.78123743 -1.77980444 -1.34017086 -2.59318467 -0.41295598 -1.71088046 -0.28779807]
[-2.34571117  0.74177581 -2.82749929 -2.02401506 -2.79267439 -2.64748485 -2.46929078  1.86210265 -2.34495223  0.74253474 -2.4791148   1.85227863 -2.80229963 -2.65711009 -2.83084506 -2.02736084]
[-1.82900576 -1.24320144 -2.75629099 -2.10778273 -2.67212195 -0.31240734 -2.5103114  -2.87923393 -1.83377076 -1.24796644 -2.51947573 -2.88839826 -2.76204539 -2.11353713 -2.67689571 -0.3171811 ]
[-1.85209307 -1.04156857 -2.1723039  -0.40006474 -1.7892141   2.37617232 -2.33223698 -1.2945296  -2.33456291 -1.29685552 -1.84416454 -1.03364004 -1.77979796  2.38558845 -2.18159139 -0.40935223]
[-2.84735795  2.60026887 -2.11629359  1.3701292  -1.77649541 -0.29603262 -2.63363185  1.91524011 -2.11349924  1.37292355 -1.78491559 -0.30445279 -2.64222142  1.90665054 -2.85660286  2.59102396]
[-1.68924946  2.60443515 -2.70882956  1.49914805 -1.58842663  0.73650375 -2.16572175  1.46905138 -1.59800968  0.7269207  -2.71406952  1.49390808 -2.16233252  1.47244062 -1.69794362  2.595741  ]
[-1.78949756  2.33991423 -1.86990535  0.36995985 -2.83411129  2.81933837 -2.10777535  0.48906801 -1.874229    0.3656362  -2.84111512  2.81233453 -2.10293466  0.4939087  -1.7941307   2.33528109]
[-2.09751297  1.35322976 -2.41650115 -2.5006514  -2.16464302  1.57986739 -2.11186665 -0.20715054 -2.09851608  1.35222665 -2.17338372  1.57112668 -2.10359881 -0.1988827  -2.42023553 -2.50438578]
[-1.94631982  2.12918446 -2.15823145 -1.25175761 -2.73750024  0.96741017 -2.71806071  1.72860298 -2.15494583 -1.24847199 -2.72883428  0.97607613 -1.94609634  2.12940794 -2.71466591  1.73199779]
[-2.89423999 -0.59382953 -1.75999959  2.36000418 -2.11005997  1.36072066 -1.91418481  0.52297602 -1.90993735  0.52722348 -1.75566482  2.36433895 -2.89648942 -0.59607896 -2.11402644  1.35675419]
[-2.83629862  2.67859983 -1.84153852  1.70361277 -2.08132048 -0.21627467 -1.64927831  1.90336967 -1.84136216  1.70378913 -2.08116436 -0.21611855 -1.64920271  1.90344527 -2.82959269  2.68530577]
[-1.78255747 -1.37444452 -2.38244568  1.80564975 -2.89639064 -1.55529864 -2.16642951 -1.4728093  -2.37741097  1.81068446 -2.16026142 -1.46664121 -1.7899569  -1.38184395 -2.89944227 -1.55835027]
[-2.14126709 -1.18757812 -2.6170885   0.10306262 -2.31379068 -1.0249549  -2.46323124 -2.75345938 -2.61004587  0.11010525 -2.14681731 -1.19312834 -2.46956456 -2.7597927  -2.31143718 -1.0226014 ]
[-2.85707767  1.48222223 -2.34320065  1.43625195 -2.25902902 -2.2436632  -2.25993682 -0.28280044 -2.25798266 -2.24261685 -2.86110331  1.47819659 -2.34720933  1.43224327 -2.26663324 -0.28949687]
[-2.24149161 -1.53284887 -2.53803058 -0.96521107 -1.88461773  1.77858522 -1.7995628   1.24441295 -2.53473887 -0.96191937 -2.24937537 -1.54073263 -1.88149456  1.78170839 -1.79263417  1.25134158]
[-2.26542652  0.14897231 -1.98541111 -1.85647315 -1.80389053  0.58945906 -2.25106525  0.96263143 -2.24542993  0.96826675 -2.2652716   0.14912723 -1.97800474 -1.84906678 -1.79673063  0.59661896]
[-2.033529   -1.37132801 -1.99038605  1.97885232 -2.15774693 -1.23476141 -2.12481918  1.48566055 -2.13339562  1.47708411 -2.15847975 -1.23549423 -2.02614839 -1.3639474  -1.98622992  1.98300845]
[-2.18870217  1.88738635 -2.5013378  -1.86065089 -2.17188439  1.90479178 -1.53288624  1.41254421 -2.17156091  1.90511526 -2.19190886  1.88417966 -2.50541688 -1.86472997 -1.5421812   1.40324925]
[-1.9337818  -2.49067251 -2.56042739  0.48771956 -2.47357884 -0.74538592 -2.06805867 -1.35908044 -2.07697989 -1.36800166 -2.47259638 -0.74440345 -2.5577728   0.49037414 -1.92581541 -2.48270612]
[-1.52045741  1.43449786 -1.6358778  -1.20494945 -2.51684346  1.66835506 -2.75549958 -0.30223354 -1.51559448  1.4393608  -2.50737841  1.67782011 -2.75548359 -0.30221755 -1.6279663  -1.19703794]
[-1.53777546  1.37768432 -2.08867286 -0.95950241 -2.88816895 -2.52450811 -2.85870365  1.79750313 -2.86653471  1.78967207 -1.53744643  1.37801336 -2.89616987 -2.53250903 -2.08202283 -0.95285238]
[-1.73220956  0.25748539 -1.72429273  2.21869141 -2.74863753  2.53460669 -1.55166275  0.12990848 -1.54824039  0.13333084 -2.75086548  2.53237873 -1.73206961  0.25762533 -1.72917681  2.21380733]
[-1.90887219  0.73297619 -2.46277439  1.53752779 -1.58919317 -1.33177596 -2.50058669  2.64882296 -2.45464775  1.54565444 -2.49750266  2.65190699 -1.91675794  0.72509044 -1.59697137 -1.33955415]
[-2.60297143  1.73218896 -1.85561996 -0.25540444 -2.56182673 -1.3880489  -2.82982503  0.03986796 -2.55317394 -1.37939611 -1.84975862 -0.2495431  -2.82029879  0.0493942  -2.60325577  1.73190462]
[-2.37840575 -2.32860792 -2.25518465  2.19119757 -2.43950911  0.92338755 -2.58455874 -0.76358496 -2.59125829 -0.77028451 -2.38642828 -2.33663045 -2.43657979  0.92631686 -2.24683911  2.1995431 ]
[-1.57699113  0.6621006  -2.59592158  2.55245298 -1.85692426  1.44876165 -2.61007075  1.90842723 -1.58050158  0.65859015 -2.59974511  2.54862945 -1.84936503  1.45632088 -2.60359013  1.91490785]
[-2.21100723  0.57747762 -2.28965882  1.78588536 -2.87407772  0.54636786 -1.78930337 -1.25017906 -1.78195497 -1.24283066 -2.21364507  0.57483978 -2.87825341  0.54219217 -2.29285311  1.78269107]
[-2.45232729 -2.19177278 -1.56038299  0.01449293 -1.60919359  1.42619427 -2.26341254  1.47260896 -2.45341959 -2.19286508 -1.55177446  0.02310145 -1.60765904  1.42772882 -2.2592126   1.47680891]
[-1.9940276  -0.33553908 -1.58980417  2.0122239  -2.82935682  1.24564411 -1.89001844 -2.25867308 -2.83864989  1.23635104 -1.98462372 -0.3261352  -1.89348472 -2.26213936 -1.58579316  2.01623491]
[-2.37047004  2.17814318 -1.88748569  2.63104877 -1.95403758 -1.10730284 -2.24686857  0.56749268 -1.9448911  -1.09815636 -2.23867718  0.57568407 -2.376584    2.17202922 -1.88335838  2.63517609]
[-1.74014531  0.77509346 -2.2576511  -0.71255548 -1.53006238 -1.92124932 -1.54006066  1.54939096 -2.26757359 -0.72247797 -1.53450995 -1.9256969  -1.53809737  1.55135424 -1.74606702  0.76917174]
[-1.66569097  2.61447734 -1.72741063  0.30306061 -1.9997601   1.44679909 -2.41267736  2.41961203 -1.67443459  2.60573372 -2.00514134  1.44141786 -2.40772513  2.42456425 -1.72854713  0.30192411]
[-2.41266293  1.73295739 -2.02414129 -0.39939423 -2.62688228 -0.43001427 -1.52873377  1.03918849 -2.02931288 -0.40456583 -1.53667709  1.03124517 -2.62200216 -0.42513415 -2.41931526  1.72630506]
[-1.55662005  0.3796911  -1.56300473 -1.52131744 -2.45046423 -1.55523693 -2.59776218 -1.45541371 -2.45389439 -1.55866709 -1.56157258  0.37473857 -2.59535258 -1.4530041  -1.55656532 -1.51487803]
[-2.35062155 -1.16762493 -2.53288195 -1.10597746 -2.44338045  1.41995797 -1.9541684  -2.70211966 -2.53544252 -1.10853804 -2.35721282 -1.17421619 -1.94862175 -2.69657301 -2.44064556  1.42269286]
[-1.59693197  2.33183265 -2.51826505  1.37925355 -2.77418359 -1.77613365 -1.95733863 -1.87938671 -1.95555038 -1.87759846 -1.58916816  2.33959646 -2.77864973 -1.78059978 -2.51472976  1.38278885]
[-2.53003036  2.38584566 -2.86108991  1.87023698 -2.2181894  -0.46429827 -2.63700492  1.07652934 -2.21792853 -0.4640374  -2.53320041  2.38267561 -2.86881988  1.86250701 -2.63614424  1.07739002]
[-2.44128597  0.27488085 -1.68242128 -1.52685124 -2.58875391  0.99735514 -2.70901151 -2.36314052 -2.44029405  0.27587277 -2.59181986  0.99428919 -2.7000894  -2.35421841 -1.68173156 -1.52616152]
[-2.16099418  1.62844582 -1.63970784 -2.16029041 -2.6935268  -2.4786917  -2.14647536  2.21238812 -1.63850621 -2.15908878 -2.69569951 -2.48086441 -2.14044367  2.2184198  -2.15549134  1.63394866]
[-2.58971411 -1.35070222 -1.55034351  1.76942161 -2.24534276  2.59943903 -2.86260841  1.20658535 -1.55679195  1.76297317 -2.85474771  1.21444606 -2.24899793  2.59578386 -2.58999417 -1.35098229]
[-1.59334119 -0.0660173  -2.13647029  2.30053107 -2.54797876 -1.31489692 -2.26845964  2.19305076 -1.58784711 -0.06052323 -2.14449125  2.29251012 -2.27471094  2.18679946 -2.54498555 -1.31190372]
[-2.28648056 -0.8190297  -2.55344732  1.6922693  -1.69999663  0.69312816 -2.01034435 -0.72564502 -2.00917142 -0.72447209 -1.6995217   0.69360309 -2.54715369  1.69856293 -2.29388609 -0.82643523]
[-1.99540813  1.46530643 -1.6378756   2.15901258 -2.34328859 -1.96194265 -2.51751749 -0.29188838 -2.3442165  -1.96287057 -1.99142489  1.46928967 -2.50773031 -0.2821012  -1.63937152  2.15751666]
[-1.68521504 -2.8136364  -2.09731656 -1.65667608 -2.75896682 -0.72587768 -1.7017087  -2.15601913 -1.69458408 -2.14889451 -2.09490177 -1.65426129 -1.684466   -2.81288735 -2.7519581  -0.71886896]
[-2.46477049  2.48722674 -1.53852143  0.13041671 -1.56914266  2.24852777 -1.78712168 -1.01940143 -1.78481798 -1.01709773 -2.46896458  2.48303266 -1.53231737  0.13662077 -1.56729077  2.25037966]
[-2.81530978 -0.45365941 -2.45012114  2.28729064 -1.80422244  0.64245746 -2.09676223 -1.83850316 -2.45865728  2.27875451 -2.0909999  -1.83274083 -1.79689907  0.64978083 -2.82452702 -0.46287666]
[-1.77250196 -0.41845998 -2.0539232  -2.0600443  -2.67514043 -0.91509979 -2.54150356  1.99012015 -2.67388492 -0.91384428 -2.53336743  1.99825627 -1.77953486 -0.42549288 -2.05017835 -2.05629946]
[-1.91526162  0.63921131 -2.76506419  0.87426018 -1.8152571   1.35043456 -1.77352989 -2.69247818 -2.76175924  0.87756513 -1.91507622  0.63939671 -1.78053863 -2.69948692 -1.82166577  1.34402588]
[-1.59743302  1.68474497 -2.50736353 -2.28122786 -2.34484892 -1.21520013 -2.17228642 -0.87101816 -2.51651467 -2.290379   -2.35338451 -1.22373572 -2.18137951 -0.88011125 -1.60048077  1.68169722]
[-2.15349025 -0.92385877 -2.44259177  1.59302228 -2.4672551   0.97538113 -2.12342499  2.75158089 -2.16101449 -0.931383   -2.12346576  2.75154012 -2.46361592  0.97902031 -2.44364591  1.59196814]
[-2.02848947 -0.27964998 -2.15867529  0.92108902 -1.7623592   1.78260059 -2.33340675  2.16899946 -2.16614014  0.91362416 -1.76138862  1.78357118 -2.03244521 -0.28360572 -2.32887002  2.1735362 ]
[-2.06466283  2.17922442 -2.14522067  1.04953746 -2.54157542 -0.92533518 -2.20686724 -1.07221572 -2.05554862  2.18833863 -2.54721335 -0.93097311 -2.20749441 -1.07284288 -2.13638527  1.05837286]
[-2.88925598 -0.1293852  -2.39045148  2.27462564 -2.63695356  2.07153484 -1.97591882  1.99549936 -2.89855389 -0.13868312 -1.98014354  1.99127464 -2.64276482  2.06572358 -2.38988833  2.27518879]
[-1.92269458 -0.49261504 -2.76267988 -0.50442336 -2.09452163 -2.04726055 -2.0684324   1.16513834 -2.09623535 -2.04897427 -2.07497225  1.15859849 -2.7567318  -0.49847527 -1.92783978 -0.49776024]
[-1.86674513  0.51648376 -1.902162   -1.79974927 -2.35642879 -1.16706428 -2.73205273  1.95706472 -2.36343116 -1.17406665 -1.89536705 -1.79295433 -2.73453032  1.95458714 -1.85820971  0.52501918]
[-2.15870458  1.58477388 -2.87153816 -0.07338014 -2.64762405  0.79691838 -2.3400238   2.8486547  -2.87384659 -0.07568857 -2.64215111  0.80239131 -2.14879525  1.5946832  -2.34985614  2.83882236]
[-1.69774861 -1.93424921 -2.53433541 -2.48739042 -1.92909533  2.48740532 -1.53591897 -1.53503312 -1.9192537   2.49724695 -1.69233663 -1.92883723 -2.53160537 -2.48466038 -1.52985807 -1.52897223]
[-1.79151402 -0.07511021 -1.85959989 -0.93120676 -2.37027285 -1.80875897 -2.16380429 -2.73449459 -2.36998717 -1.80847329 -1.85419324 -0.92580011 -1.78657837 -0.07017455 -2.16406278 -2.73475307]
[-2.09278914 -0.34237747 -2.25319255  0.07315464 -2.63703925 -2.24702038 -2.68907005 -2.59634155 -2.25297866  0.07336853 -2.09656026 -0.3461486  -2.62901746 -2.23899858 -2.6882809  -2.59555241]
[-2.50626706 -2.26455132 -2.63814734 -0.66106006 -2.03270237  0.70699576 -1.70293645 -1.32771966 -2.51492433 -2.27320859 -2.63221913 -0.65513185 -1.70431629 -1.3290995  -2.02309768  0.71660045]
[-2.56614169 -1.83316727 -1.56126829  0.43468286 -2.81103917 -0.2579859  -1.70160145 -1.11732341 -2.57455866 -1.84158424 -1.55147027  0.44448088 -1.69587712 -1.11159908 -2.820989   -0.26793573]
[-2.56291647 -1.81750211 -2.20734951  1.88082326 -1.69783418  0.5624181  -1.86156535 -1.52647054 -2.20630703  1.88186574 -1.70443862  0.55581366 -2.56375677 -1.81834241 -1.85925328 -1.52415847]
[-2.6918128   2.64987404 -2.62453616  1.00962349 -2.51684892 -2.27202769 -2.15129891  0.8956204  -2.15057975  0.89633956 -2.69477142  2.64691542 -2.62538889  1.00877076 -2.51592239 -2.27110116]
[-2.6110882   0.0102139  -2.75297275 -0.64444215 -2.14238581 -0.92818434 -1.98372599 -2.38870563 -1.9751623  -2.38014195 -2.60492068  0.01638142 -2.75306486 -0.64453426 -2.14681719 -0.93261573]
[-2.49924416 -0.94936603 -1.83771756 -2.03301579 -2.52148942  1.10531093 -2.86998588 -2.70438337 -1.8341307  -2.02942892 -2.52773014  1.09907021 -2.87887497 -2.71327246 -2.49746368 -0.94758555]
[-2.52793102 -1.72388483 -2.42503534  0.50484578 -2.077923    1.98421043 -2.67677172 -1.77527105 -2.53597344 -1.73192725 -2.07552782  1.98660562 -2.42859047  0.50129064 -2.672857   -1.77135634]
[-2.02613019 -1.69964972 -1.93641289  0.18118306 -1.81349201  0.41326747 -2.0329601   2.00308765 -1.81348641  0.41327307 -2.03858179  1.99746596 -2.02889671 -1.70241624 -1.93191621  0.18567975]
[-1.65461076 -1.828922   -2.50578874  0.63484482 -2.07596555  2.31413588 -2.28041062  2.44186144 -1.65625899 -1.83057023 -2.08051216  2.30958927 -2.27543589  2.44683617 -2.50941275  0.63122081]
[-1.64793649 -0.27222038 -1.95343709  1.79417507 -2.11928754  0.03531758 -1.93697053  1.05511184 -1.96249476  1.7851174  -1.6435024  -0.26778629 -2.11904457  0.03556055 -1.93122253  1.06085983]
[-2.74770552 -1.3406614  -2.04366812 -0.70541891 -2.55508086 -0.43276793 -2.86280442  2.82094825 -2.54865385 -0.42634091 -2.73784255 -1.33079844 -2.87048846  2.81326421 -2.04379695 -0.70554773]
[-2.37088394 -0.43725083 -1.95376502 -1.55678609 -2.58417232 -2.70728362 -2.3151     -2.08618162 -2.58689694 -2.71000824 -1.95310071 -1.55612178 -2.3209716  -2.09205321 -2.3718958  -0.4382627 ]
[-1.84509656  0.25301514 -2.27628509 -0.96755319 -1.93383343  0.57383258 -2.59930225  2.4650351  -2.26909942 -0.96036752 -2.5948435   2.46949385 -1.93450484  0.57316117 -1.85467954  0.24343216]
[-1.55160658  0.0514879  -1.58125792  2.11880783 -2.6920034   0.12994175 -2.83441696 -1.54079399 -2.83796368 -1.54434071 -1.55008595  0.05300853 -2.68849567  0.13344948 -1.57908686  2.12097888]
[-2.18844614  0.23802339 -2.38353931 -1.20562273 -2.89152351 -1.44359891 -2.61572557  1.74259514 -2.88660635 -1.43868175 -2.19205295  0.23441657 -2.38019061 -1.20227402 -2.61668571  1.74163499]
[-2.01711596  2.01053535 -1.67172482 -1.79487952 -2.41853401 -2.02263057 -1.71558758  0.96402492 -1.66997699 -1.79313169 -1.71032353  0.96928897 -2.41792513 -2.02202169 -2.01048065  2.01717065]
[-1.82356376 -0.9100258  -1.77959045  1.13770389 -2.79506724 -0.42314159 -2.75163065  0.77170629 -2.78593645 -0.41401079 -2.74737373  0.77596321 -1.77585147  1.14144288 -1.82730407 -0.9137661 ]
[-1.70606059  0.98569869 -2.24480331  2.81849578 -2.19083454 -1.18200006 -2.00722328 -2.17052935 -2.18654139 -1.1777069  -1.69648867  0.99527061 -2.01313638 -2.17644246 -2.24117697  2.82212212]
[-1.97172999 -2.40004062 -2.34563888 -0.71549087 -2.33761946 -2.6169417  -1.86009591 -1.18765523 -2.32873401 -2.60805625 -1.85723258 -1.1847919  -2.34215852 -0.71201051 -1.97095632 -2.39926694]
[-1.82776868  0.20617602 -1.96771401 -0.40946771 -2.85245691 -2.12646072 -2.8538165   1.11858715 -2.84804227  1.12436139 -1.96150996 -0.40326366 -1.82509543  0.20884927 -2.8441961  -2.11819992]
[-2.40922489  2.53489309 -1.87350314  1.78935099 -2.23699983  0.81773067 -2.33983469 -0.29651113 -2.40850827  2.53560971 -2.2292592   0.8254713  -1.86869391  1.79416022 -2.34523689 -0.30191332]
[-2.34933526  0.19947076 -1.54938599  1.50458909 -2.14976951 -0.95067556 -2.43969848 -2.39752895 -2.35506574  0.19374028 -1.55146181  1.50251327 -2.44424358 -2.40207405 -2.14956638 -0.95047243]
[-2.54899381 -1.1851451  -2.80235609  2.30995496 -1.67104171 -0.44713992 -2.02944517  0.18633991 -2.03431578  0.1814693  -2.55239298 -1.18854426 -1.67823937 -0.45433758 -2.80979764  2.3025134 ]
[-2.57754697 -1.59535884 -2.255491   -2.32301201 -2.44554373 -2.19201901 -1.80723203  0.25782018 -2.26499494 -2.33251595 -2.4538545  -2.20032979 -1.80472671  0.2603255  -2.58181167 -1.59962353]
[-2.39421097 -1.57929215 -2.70566439 -0.9677599  -2.248222   -2.15146396 -1.9872341   0.61791048 -1.99469003  0.61045456 -2.69675739 -0.95885291 -2.25539241 -2.15863436 -2.39169735 -1.57677852]
[-2.3705827   2.7830241  -2.56153641  1.14439332 -2.00431109 -1.24104745 -2.73149031 -1.7327595  -1.99439986 -1.23113622 -2.3637094   2.78989739 -2.73926521 -1.74053439 -2.56533537  1.14059436]
[-2.62942827 -0.41627598 -2.42345907  2.8583776  -1.56734361  0.51538842 -1.74420711  0.74899343 -1.74941088  0.74378966 -1.56117789  0.52155414 -2.6230341  -0.40988181 -2.4285556   2.85328107]
[-1.936591   -1.07522829 -2.8834413   1.44179214 -1.56748479  0.18382852 -1.9372223   1.9425053  -1.55895466  0.19235865 -1.93137204 -1.07000934 -1.9388987   1.9408289  -2.87439641  1.45083703]
[-1.58313619  0.49645038 -2.83048393  0.20778039 -1.9685526   0.08849175 -1.63503119 -2.10244059 -2.83006516  0.20819915 -1.9706875   0.08635685 -1.57756734  0.50201923 -1.63523732 -2.10264672]
[-1.61083668  2.38222159 -2.06464012 -1.08299168 -2.41074345 -1.58875256 -2.67184926 -0.18930514 -2.67463999 -0.19209587 -2.41675913 -1.59476824 -2.07048338 -1.08883494 -1.61717223  2.37588604]
[-2.67727849  1.27241542 -2.76351894  1.20124208 -2.89786336  1.60044569 -2.22033905 -1.72307528 -2.68079861  1.26889531 -2.76445423  1.2003068  -2.89631549  1.60199357 -2.21181994 -1.71455618]
[-2.83491756 -1.02637563 -2.44613877  2.25872586 -1.85165696  1.51921839 -2.23607183 -1.67090835 -2.44386605  2.26099858 -1.84760919  1.52326615 -2.24272936 -1.67756589 -2.84193489 -1.03339296]
[-2.69017168 -2.43631993 -2.86576533 -2.50442604 -1.74662002  0.73344389 -1.72335641 -0.42068959 -1.71580792 -0.41314111 -1.74638618  0.73367772 -2.69920773 -2.44535598 -2.8743343  -2.51299501]
[-1.66479815  0.54693598 -2.09436    -1.44249407 -2.75118467 -1.89775204 -2.87250288  2.50394114 -2.87429231  2.50215171 -1.65803035  0.55370378 -2.74688528 -1.89345265 -2.09225548 -1.44038955]
[-1.56445428  0.36718682 -2.72720167  1.56975153 -1.94598073 -2.75714031 -1.52073885 -1.05839352 -2.71977575  1.57717745 -1.56751391  0.36412719 -1.93602272 -2.7471823  -1.51529404 -1.05294871]
[-2.39850852  0.68904251 -1.55011961  0.37266457 -2.203196   -0.28192413 -1.86597894  2.4710009  -1.54702402  0.37576016 -2.3975244   0.69002663 -2.19748963 -0.27621776 -1.87482097  2.46215887]
[-1.94192416  0.39736488 -2.37646454 -2.44372714 -1.53188023 -1.85446965 -1.7707501   2.16742526 -2.37090615 -2.43816875 -1.52405604 -1.84664546 -1.76339782  2.17477754 -1.93622145  0.40306759]
[-2.39423706 -1.70100052 -1.63534817  1.22888886 -2.55962609 -1.09872801 -1.52792051 -2.51773555 -2.38529552 -1.69205897 -1.5280011  -2.51781613 -2.56928115 -1.10838307 -1.62669531  1.23754173]
[-2.44146597 -1.45190583 -2.30486877 -0.42182764 -1.85488035  2.60842597 -2.80458718 -1.90444261 -2.3114826  -0.42844147 -1.86224757  2.60105874 -2.79847826 -1.89833369 -2.44869952 -1.45913937]
[-2.53641889  1.83890595 -2.89105787 -1.94120097 -2.52640305  1.12730562 -1.92327371  0.68362549 -1.91710275  0.68979645 -2.51778763  1.13592105 -2.53989935  1.83542549 -2.88393856 -1.93408167]
[-2.88594562  1.60409693 -1.63792032 -1.50487246 -2.34068393  1.14109029 -2.72206834 -1.61349526 -2.33738771  1.14438651 -2.895642    1.59440055 -1.64501676 -1.5119689  -2.73092594 -1.62235287]
[-2.30983897  0.5983967  -2.5146815  -1.07998715 -1.8884897   2.07677796 -1.77728995  0.95751842 -1.77910236  0.95570601 -2.50973823 -1.07504388 -2.31207244  0.59616322 -1.89292573  2.07234193]
[-2.4522853   1.38729549 -1.90202474  0.4156682  -2.73286327 -2.77772045 -2.42603551  2.86380184 -2.73635158 -2.78120876 -2.43115564  2.85868171 -2.46203555  1.37754523 -1.89685887  0.42083407]
[-1.56556222  1.05536443 -1.67652034 -2.15509779 -2.52607203  0.5655425  -1.85515471  2.80680392 -2.51863881  0.57297572 -1.6776831  -2.15626055 -1.55853576  1.06239089 -1.86125007  2.80070856]
[-1.68119399  0.19207675 -1.91386307  2.77694265 -2.6474564  -0.40645662 -2.7470973  -2.74928348 -2.64135259 -0.40035281 -1.67745641  0.19581433 -2.75558339 -2.75776958 -1.91186628  2.77893945]
[-1.96758815 -1.37022854 -1.92323653 -0.75246202 -2.39631752  2.70807382 -2.78846317  0.16585765 -2.39157237  2.71281897 -1.92628379 -0.75550928 -1.95972339 -1.36236377 -2.79153141  0.16278941]
[-2.12531618 -2.1126122  -2.81604511 -2.19613783 -1.68332522  1.44102171 -1.76629282 -0.64664836 -1.77005273 -0.65040826 -1.6910414   1.43330553 -2.12126367 -2.10855969 -2.81611523 -2.19620796]
[-2.08543576 -0.25483566 -1.66918224  1.70206355 -2.84497625  2.20122624 -2.53773454 -1.95514758 -2.52847941 -1.94589244 -1.66730362  1.70394217 -2.8462576   2.19994489 -2.07688436 -0.24628426]
[-2.5289892   1.77414613 -2.17281719  2.45653061 -2.54086003 -2.52690118 -2.63327247  0.80479265 -2.53555886  1.76757647 -2.629192    0.80887311 -2.16546157  2.46388623 -2.53138452 -2.51742567]
[-1.87028314  2.4909475  -2.04159532 -1.2245798  -1.5114885   1.81500058 -2.31365241  2.20580318 -2.04967285 -1.23265733 -1.50235655  1.82413253 -2.32043092  2.19902468 -1.87449844  2.4867322 ]
[-2.89219825 -1.13882945 -2.699761   -2.3696554  -2.3156141   1.27843716 -2.63682801 -0.89334009 -2.31616919  1.27788206 -2.89983988 -1.14647108 -2.69454175 -2.36443615 -2.6392357  -0.89574778]
[-1.95954928 -2.67417368 -1.93921881 -0.58784331 -2.23898135 -1.22865771 -2.44577501 -2.39754387 -1.95660737 -2.67123177 -2.43755032 -2.38931918 -1.94290755 -0.59153205 -2.22946427 -1.21914063]
[-2.39795728  1.77664551 -1.69317632  0.85026319 -2.00707682 -2.07124237 -2.84418529 -0.81586623 -2.39289745  1.78170534 -2.84962665 -0.82130758 -2.00641061 -2.07057616 -1.69916594  0.84427357]
[-2.10119729  2.37786429 -1.75796965 -0.01007472 -1.91097324 -1.82245453 -2.68615306  2.00688347 -1.91589558 -1.82737687 -2.10797499  2.37108659 -2.68903401  2.00400252 -1.75171655 -0.00382161]
[-1.74145405  2.80606257 -1.59700359 -2.58592936 -2.35028478 -0.00676905 -1.8955362  -1.91809242 -1.90408104 -1.92663725 -2.35542921 -0.01191347 -1.59093598 -2.57986176 -1.73938951  2.80812711]
[-2.78829837  1.98107902 -1.5443453   1.36245176 -2.67383347  1.40165872 -2.09049949 -0.90751776 -2.09329929 -0.91031757 -2.67531177  1.40018042 -1.5516718   1.35512526 -2.79211008  1.97726732]
[-1.82308836 -0.96776796 -1.90181569 -0.25358024 -2.18099984 -0.74430237 -2.06183474  2.83522315 -2.17475441 -0.73805695 -1.90550359 -0.25726814 -2.05270195  2.84435594 -1.81651725 -0.96119685]
[-1.93600769  2.11896807 -2.84318114 -1.36405257 -1.94657588  1.72171331 -1.80372865  1.53245192 -1.80076863  1.53541194 -1.95437348  1.71391572 -2.8439751  -1.36484654 -1.92644345  2.12853231]
[-2.53074907 -2.704344   -1.87392549  1.31121823 -1.57464624 -1.95725345 -2.77908498 -1.00876044 -2.53453038 -2.70812531 -1.87317322  1.3119705  -2.77545724 -1.0051327  -1.57228859 -1.95489581]
[-1.9527274   1.74158688 -1.90895657  0.30773385 -2.78510984 -1.55397778 -2.60731839  2.42254035 -1.95561037  1.73870391 -2.78725866 -1.5561266  -2.60932407  2.42053467 -1.90415967  0.31253074]
[-2.75613279 -0.80276515 -2.27035725  1.46079326 -1.72629426  1.53970621 -2.11161171 -1.51700401 -2.27591566  1.45523485 -2.76231507 -0.80894743 -2.11081124 -1.51620354 -1.72406472  1.54193576]
[-2.46769098 -1.12922433 -1.6736801  -2.17606056 -1.95411278 -1.53317286 -1.60626258  1.628662   -1.94644394 -1.52550403 -1.60399125  1.63093332 -2.46966593 -1.13119928 -1.66636435 -2.16874481]
[-1.58521925  1.97048297 -2.67666475  0.43609045 -2.88766883 -1.00757498 -1.94926143 -0.53840729 -1.59040218  1.96530004 -2.68191174  0.43084346 -1.95709578 -0.54624165 -2.89317214 -1.01307829]
[-2.20340446  0.16030593 -2.77890046  1.42348493 -2.76832887 -1.48974543 -2.67558197  2.2146379  -2.75846295 -1.47987952 -2.78288309  1.4195023  -2.67659457  2.2136253  -2.21192866  0.15178172]
[-2.82881874 -0.29957629 -2.62488327 -1.24525281 -2.50770926  2.41333886 -2.11474942  0.43128192 -2.50895153  2.41209659 -2.62247479 -1.24284433 -2.83328341 -0.30404096 -2.11937706  0.42665428]
[-2.81127241  1.04192192 -1.5393867   1.21418389 -2.45055915 -2.48087839 -2.08049227  1.36227457 -2.80512083  1.04807349 -1.5392026   1.21436799 -2.44372779 -2.47404704 -2.08836813  1.35439871]
[-1.62817742 -0.5957323  -1.70399446  2.44711612 -1.86675417  1.31080944 -1.97379918  2.06454589 -1.98364745  2.05469762 -1.86037672  1.31718689 -1.69769294  2.45341764 -1.6370936  -0.60464848]
[-1.99141387 -1.52078714 -2.1992419   1.90137936 -2.8595233   1.37501268 -1.97113281  0.53942953 -2.20144554  1.89917573 -1.9657327   0.54482963 -1.98723385 -1.51660713 -2.86424388  1.37029209]
[-2.47729407  1.10654843 -1.84853522  0.28450777 -2.74918485 -2.74822658 -2.01095537 -1.81155235 -2.01445064 -1.81504762 -1.84965847  0.28338452 -2.7569615  -2.75600323 -2.48175533  1.10208717]
[-1.78563642  0.09392733 -1.64061343 -0.68277528 -1.58088155  0.6795618  -1.69992561 -1.78937399 -1.7072635  -1.79671188 -1.63541822 -0.67758007 -1.57962594  0.68081742 -1.79386627  0.08569748]
[-1.64405422  2.25297721 -2.58837958 -1.66871657 -2.8397323   0.66225038 -2.88756211  1.93242959 -2.8404716   0.66151109 -2.5813393  -1.66167628 -1.646554    2.25047742 -2.89262874  1.92736297]
[-2.77302819 -2.50618582 -2.48199778  2.34195951 -2.62350931 -0.20575904 -2.80689626 -0.87057067 -2.81494897 -0.87862339 -2.61987139 -0.20212112 -2.77194488 -2.50510251 -2.47875479  2.3452025 ]
[-2.36168055  1.14574719 -2.63735817 -2.533224   -2.75844733 -1.76655449 -2.25569705  0.71143454 -2.64093931 -2.53680515 -2.37064798  1.13677976 -2.75605429 -1.76416144 -2.26446629  0.7026653 ]
[-2.29646576 -0.73382622 -2.01553817  1.20259285 -2.04803782  0.853152   -2.39760729 -2.56064049 -2.30549124 -0.74285169 -2.40256892 -2.56560212 -2.01569472  1.2024363  -2.04097583  0.86021399]
[-2.65092918 -0.503369   -1.86804713  1.36657051 -2.68983068 -2.13379819 -2.06093877 -1.20520653 -2.0687446  -1.21301236 -2.69117669 -2.13514419 -1.87469491  1.35992273 -2.64890998 -0.5013498 ]
[-2.26067693  0.26430223 -1.70906538  2.35958184 -2.41076257  2.55922951 -2.0933999   2.18900575 -2.41736869  2.5526234  -2.08518015  2.19722551 -1.71737178  2.35127545 -2.25616763  0.26881153]
[-2.77014172 -0.74012437 -2.09718735  0.97129001 -2.02656498 -0.52529316 -2.74150935 -2.40360711 -2.10458644  0.96389092 -2.74906054 -2.4111583  -2.0248305  -0.52355869 -2.77784647 -0.74782912]
[-1.54795229 -1.23811872 -1.76161728 -0.71804823 -1.7810916   2.87232868 -2.74940579  0.17411493 -1.54451799 -1.23468441 -1.77579994  2.87762034 -2.74344606  0.18007466 -1.76106279 -0.71749373]
[-1.98797799 -2.6833842  -2.31838332 -1.92162634 -1.51993018  0.64120634 -2.85483359 -2.39836722 -2.86120356 -2.40473719 -1.52602535  0.63511117 -2.31531471 -1.91855773 -1.99013839 -2.6855446 ]
[-2.70239011 -0.49770028 -1.91172962  0.32530992 -2.63652764  1.51727932 -1.98810681 -2.3763634  -2.64331433  1.51049263 -1.90328484  0.3337547  -1.98977182 -2.3780284  -2.69437386 -0.48968402]
[-2.27702983  1.6163353  -1.89894648  0.1452475  -1.55392855  2.77795782 -2.40483805  2.04234893 -1.89154891  0.15264507 -2.27991784  1.61344729 -2.39775931  2.04942767 -1.5529585   2.77892786]
[-2.76205836 -2.20791021 -2.44953084  2.61994494 -2.60459675  1.43925992 -2.34251414 -1.29756913 -2.33706853 -1.29212352 -2.7655118  -2.21136365 -2.45487734  2.61459844 -2.60963081  1.43422586]
[-1.84380394  2.55507109 -2.35222329  0.4225666  -2.03553371 -1.06348715 -2.87659411  1.56572986 -2.86964043  1.57268353 -2.36112722  0.41366267 -1.84196     2.55691504 -2.04274873 -1.07070216]
[-2.89118105  1.37203189 -2.86036083 -1.91346939 -2.88821164 -2.03799466 -1.53038618  1.53343123 -1.53424123  1.52957618 -2.89896272  1.36425021 -2.86921049 -1.92231904 -2.88528039 -2.03506341]
[-1.71279311  2.48269992 -1.97510598  0.45366193 -2.05818205  0.86622058 -2.46692369 -1.02700382 -2.46374052 -1.02382066 -2.04958135  0.87482129 -1.71552356  2.47996947 -1.97535918  0.45340873]
[-1.70946262 -2.13961492 -2.38304326  1.33835515 -1.93276151  1.17642864 -2.78261458 -0.74784038 -1.93749226  1.17169788 -2.38049163  1.34090678 -1.71377411 -2.14392642 -2.77762976 -0.74285555]
[-2.30468417  1.80193413 -2.39434552 -2.46030954 -2.30264785  0.59298344 -2.1093362   2.02529871 -2.11785302  2.01678188 -2.39723293 -2.46319694 -2.30398582  0.59164546 -2.30443515  1.80218315]
[-2.47341932 -2.77412269 -1.50710106  0.47219381 -2.19244555 -0.26519782 -2.48982788  2.4873522  -2.47531606 -2.77601943 -1.50352101  0.47577386 -2.48927321  2.48790688 -2.19003281 -0.26278508]
[-1.84574547 -0.21221836 -2.72338842 -1.08563198 -1.8243753  -2.14663771 -2.19634781  1.0056496  -1.84315196 -0.20962485 -2.72524844 -1.087492   -2.19367316  1.00832425 -1.82179006 -2.14405247]
[-2.75081485  2.11264923 -1.66876037  2.1639551  -1.67831136 -1.05197789 -1.51069889  1.25860006 -1.66543313  2.16728234 -1.51747353  1.25182542 -1.67236282 -1.04602935 -2.74435227  2.11911181]
[-2.599895   -1.25545856 -2.64216591 -1.19106814 -2.29927637  1.10029102 -1.81651222  2.48842372 -2.29505007  1.10451732 -2.59756451 -1.25312806 -1.81105114  2.49388479 -2.63393069 -1.18283292]
[-2.49537435 -1.64382091 -2.36222881  0.92845773 -2.88655271 -0.59773199 -2.62681238  1.5579493  -2.63165397  1.55310771 -2.4935828  -1.64202937 -2.87659818 -0.58777745 -2.36648591  0.92420063]
[-2.09447732 -0.42556522 -2.45159601 -2.0474122  -2.89657019 -1.7753419  -2.07056724  0.63800029 -2.08458419 -0.41567209 -2.89303309 -1.7718048  -2.45171068 -2.04752687 -2.06187057  0.64669696]
[-1.65511774 -2.69353276 -2.10423513 -1.12467248 -2.53419795  0.88512783 -2.49780418 -2.84159623 -1.65724362 -2.69565863 -2.5395584   0.87976738 -2.49990389 -2.84369594 -2.09436743 -1.11480479]
[-2.83479593 -0.07404693 -1.57815326  0.66121427 -1.53323358 -0.89592015 -2.56465107  2.6245214  -2.83939269 -0.07864369 -2.56482454  2.62434793 -1.57855032  0.66081721 -1.53711764 -0.89980421]
[-2.14423971 -0.65201327 -1.69911532 -1.38844112 -2.31739868  0.6523666  -1.84958476  2.53119121 -1.84073752  2.54003845 -1.6933316  -1.3826574  -2.3228095   0.64695578 -2.13443176 -0.64220532]
[-2.79733703 -1.48691308 -1.50766591  0.90758052 -2.58602856  1.08464634 -1.93864721  0.8159492  -1.5092816   0.90596484 -2.59106463  1.07961027 -1.93828834  0.81630807 -2.80123208 -1.49080812]
[-2.15296928 -2.56452734 -2.59343434 -1.71072081 -2.58483327 -2.09607882 -2.11163818  0.93886563 -2.58826766 -2.09951322 -2.59075633 -1.70804281 -2.10484964  0.94565417 -2.16161547 -2.57317353]
[-1.93102096  2.3470382  -2.12649864 -2.80689796 -1.5160812   0.57854212 -2.35645371 -2.04307563 -2.13015411 -2.81055343 -1.52374542  0.57087789 -2.36224008 -2.048862   -1.92437034  2.35368882]
[-2.43540046  0.16620324 -1.91379379  2.28855712 -2.60746871  2.06366328 -2.12434434 -2.40730096 -2.12519281 -2.40814943 -2.61655175  2.05458024 -1.91170169  2.29064922 -2.4391956   0.1624081 ]
[-2.34242975 -0.61313848 -2.33727551 -2.11342147 -1.79084796  0.84371497 -2.34976164  1.09474003 -2.35004788 -0.62075661 -1.79310821  0.84145471 -2.34856239  1.09593928 -2.33439775 -2.11054371]
[-2.89035167  0.98394269 -1.67512189  0.27893317 -2.04555077 -2.7219593  -2.69449267 -1.2528363  -2.0508504  -2.72725892 -2.69455367 -1.25289729 -2.89317913  0.98111523 -1.68163887  0.27241619]
[-2.22167493  2.59741722 -2.72880268  2.3289395  -1.79777859  1.10961586 -2.66119907  0.05316525 -2.66516864  0.04919568 -1.79139057  1.11600388 -2.73343733  2.32430485 -2.22836741  2.59072474]
[-1.9198509  -0.17771643 -1.57178324  2.1550585  -1.94393708 -2.82188813 -1.51820958 -1.89563043 -1.58135926  2.14548248 -1.9144007  -0.17226624 -1.94422274 -2.8221738  -1.52453063 -1.90195148]
[-1.93774166 -2.51342374 -2.57792327 -0.52797619 -2.6488876   1.12507174 -1.70878395 -0.91473793 -1.71349636 -0.91945034 -2.58249495 -0.53254786 -1.94371033 -2.51939241 -2.6469791   1.12698025]
[-1.93098206 -1.34522221 -2.83244697 -0.7964252  -1.91283334  0.9342057  -2.54851068  2.80057608 -2.55568073  2.79340603 -1.93131588 -1.34555603 -1.91123146  0.93580758 -2.83939377 -0.80337201]
[-1.7163535  -2.52649734 -2.17847727 -0.00893126 -2.38324923  0.59407614 -2.74469324  1.17808572 -1.72547707 -2.53562091 -2.75241235  1.17036661 -2.18017843 -0.01063242 -2.37694639  0.60037898]
[-2.18608336 -0.87425613 -2.14042039 -2.85423783 -1.49391056  0.1576893  -1.75553825  0.5648863  -1.50313269  0.14846717 -1.75773066  0.56269389 -2.19029746 -0.87847023 -2.14712126 -2.8609387 ]
[-1.9653949  -0.06190117 -2.61831357  2.20573461 -1.78670587 -2.1839018  -2.65419273  0.7982315  -1.79396339 -2.19115932 -1.97262715 -0.06913342 -2.62799403  2.19605415 -2.64591764  0.80650658]
[-2.64347453  0.70431736 -1.63443568  2.83917106 -2.691569   -1.98051612 -1.91268582  1.33618512 -2.69621848 -1.98516559 -2.63731566  0.71047623 -1.63186671  2.84174003 -1.90442856  1.34444237]
[-1.97767847 -1.14962169 -1.98628031  2.46397749 -1.69691624 -0.47858869 -2.03090204 -0.86117975 -1.68981723 -0.47148968 -1.98374291  2.46651489 -1.97018886 -1.14213208 -2.03207603 -0.86235374]
[-1.86908334  0.2710568  -1.64348388 -2.25544352 -2.16672321 -2.52286851 -2.35696298 -0.1940616  -2.16084832 -2.51699361 -2.3529177  -0.19001632 -1.6468072  -2.25876685 -1.87640736  0.26373278]
[-1.81607565  0.30580222 -2.5661525   2.37403294 -2.83536307  2.61805884 -1.66074785 -0.84680484 -1.81582581  0.30605206 -1.65521648 -0.84127346 -2.55627385  2.38391159 -2.83905203  2.61436988]
[-2.61896217  1.88842437 -2.05667439  0.16362629 -2.01923828  2.0652539  -1.66687262 -0.07819718 -2.61526683  1.89211971 -1.66552113 -0.07684568 -2.06214943  0.15815125 -2.02525019  2.05924198]
[-1.5914538  -0.85550187 -2.25904519 -0.96646732 -2.03991636  2.78098902 -1.99915161 -2.63610949 -1.59041184 -0.8544599  -2.03285097  2.78805441 -1.99915247 -2.63611035 -2.25102007 -0.95844221]
[-2.71074636  2.41714864 -1.70119695  0.44995024 -1.83424753  0.05464939 -2.62028152 -0.49226397 -1.69687734  0.45426985 -2.6204962  -0.49247865 -2.70699712  2.42089788 -1.82965668  0.05924024]
[-2.78029587 -1.83244095 -2.65107404  2.08830258 -2.16034382 -0.47874242 -1.7873193   2.50433074 -2.77540249 -1.82754758 -2.16240737 -0.48080597 -1.77907648  2.51257356 -2.65098935  2.08838727]
[-1.84728076  2.45083488 -2.80861488  1.48067058 -1.58798203  1.14792966 -1.89569737 -2.17106045 -1.59436635  1.14154534 -2.80759976  1.48168571 -1.84457334  2.45354231 -1.90386534 -2.17922842]
[-2.4486002   2.16024214 -1.68256485  2.61305832 -1.7488739   2.04802588 -1.71727177  0.22309022 -2.44589256  2.16294978 -1.71740655  0.22295544 -1.68674842  2.60887475 -1.7430302   2.05386957]
[-2.77538852 -1.119341   -2.73955994 -2.46493751 -1.92067192 -1.68912018 -2.45164424  0.93365568 -2.74589289 -2.47127045 -2.45243292  0.93286701 -1.92678711 -1.69523537 -2.78408569 -1.12803816]
[-2.74079365  0.85990005 -2.62353439 -1.62156764 -2.34153693  2.64623434 -2.15600022 -0.84586438 -2.34650934  2.64126194 -2.74488638  0.85580732 -2.16132989 -0.85119405 -2.62252108 -1.62055433]
[-1.95290295 -1.83422493 -1.82212881  2.78163108 -2.21502032  2.16683608 -2.70808426  0.00375242 -2.21362206  2.16823433 -2.71787964 -0.00604296 -1.81274091  2.79101898 -1.95727118 -1.83859316]
[-1.98616507 -0.56326031 -2.45610311  0.33034961 -2.87650965 -2.23969701 -2.80502354 -2.01920618 -2.80071424 -2.01489688 -2.87679376 -2.23998113 -1.98749501 -0.56459026 -2.45056316  0.33588957]
[-2.11810044  2.36295656 -1.76414661  2.14470556 -2.86299434  1.74396755 -1.69818286 -0.93980417 -2.11982448  2.36123252 -1.69536067 -0.93698197 -2.86197764  1.74498426 -1.77162109  2.13723107]
[-2.22010647 -2.43009495 -2.02443682  2.09490279 -1.6017724   1.77965136 -2.39618355 -0.98968222 -2.03271382  2.08662579 -2.21030338 -2.42029187 -1.59312736  1.78829641 -2.38827365 -0.98177232]
[-2.79283777  0.68119637 -2.58405905  1.53971703 -2.52956787  0.47788874 -1.56377286 -2.43276735 -2.53629163  0.47116499 -1.56263285 -2.43162733 -2.78305211  0.69098202 -2.58570913  1.53806695]
[-1.53991832  2.01366074 -2.09536587 -1.71160576 -2.63559659  0.46268391 -2.54565733  1.41527658 -2.10465935 -1.72089924 -2.54674396  1.41418995 -2.62639873  0.47188178 -1.54197202  2.01160705]
[-2.19277108  1.66086466 -2.75729191  0.62250217 -2.87304148 -2.86865439 -2.81741462 -0.10863201 -2.19193131  1.66170442 -2.76478935  0.61500473 -2.86351609 -2.859129   -2.81665995 -0.10787734]
[-1.68576552 -2.42170722 -1.81611451  1.98209415 -2.8139197  -0.45698478 -2.24571318 -2.17991988 -2.81131918 -0.45438426 -1.6906392  -2.4265809  -2.23764327 -2.17184996 -1.81796016  1.98024851]
[-2.22613512 -2.38538022 -2.84334757  1.67245656 -2.09926236 -1.47606238 -2.51449394  1.61063938 -2.22902002 -2.38826512 -2.10248502 -1.47928504 -2.84459092  1.6712132  -2.51812447  1.60700886]
[-1.59366143 -1.00425596 -1.59497089 -1.36893421 -2.71709567  1.52475477 -2.80938456 -0.37329435 -2.80548033 -0.36939012 -1.59959208 -1.3735554  -2.72086556  1.52098488 -1.59994863 -1.01054316]
[-1.65786533 -1.84985551 -1.58581258  2.73056737 -1.86972516 -1.05987646 -2.47624596  2.09989582 -1.87905474 -1.06920604 -1.66265537 -1.85464555 -1.58602908  2.73035086 -2.47372066  2.10242112]
[-1.87423834  1.30912202 -2.57422889 -0.22604552 -2.21843381 -2.39458041 -2.62404558 -2.75431151 -2.21244605 -2.38859265 -2.57089131 -0.22270793 -2.6219719  -2.75223783 -1.87884322  1.30451713]
[-2.01573039  2.80914366 -1.59100938 -0.72972992 -2.574897    2.45109242 -2.84569175 -1.07226774 -1.58689229 -0.72561282 -2.00987689  2.81499716 -2.84856433 -1.07514033 -2.57626999  2.44971943]
[-2.4692347   1.10744262 -2.69407009 -1.74162316 -2.30628219  0.34989209 -1.77978585  2.71508889 -2.31577328  0.340401   -2.70345829 -1.75101136 -1.7789576   2.71591714 -2.46120615  1.11547117]
[-1.6497612  -2.46962862 -2.43638623  1.06366271 -1.68279173  2.368607   -1.6388601  -1.12210043 -1.64779461 -1.13103494 -1.68067615  2.37072258 -2.43821761  1.06183132 -1.64109067 -2.46095809]
[-1.51659485 -1.79638201 -2.51471682  0.67376487 -1.55308662  0.88139933 -2.7319552   2.23031027 -2.73558129  2.22668418 -2.5141695   0.6743122  -1.52158831 -1.80137547 -1.54873681  0.88574914]
[-2.50286493  0.6729642  -2.26645476  2.49978169 -1.96152361 -1.81418568 -2.86196266 -0.63803761 -2.86286031 -0.63893526 -2.26641792  2.49981852 -2.51009416  0.66573497 -1.9687643  -1.82142638]
[-2.85149374 -2.57051703 -2.82637643 -1.1999518  -1.56581947  2.65875715 -2.90160659 -1.09617223 -1.5596471   2.66492952 -2.84699238 -2.56601567 -2.89188365 -1.08644929 -2.82202222 -1.19559758]
[-2.55722846 -1.90112442 -2.72757994  1.8183216  -1.63400953 -0.58195237 -2.70329062 -1.37587454 -1.62698951 -0.57493235 -2.55020905 -1.89410501 -2.73276013  1.81314141 -2.69449068 -1.3670746 ]
[-2.02088121 -0.01950345 -1.66805678 -1.48288654 -2.76211994 -1.3030243  -2.77063587  2.31358007 -2.77176728 -1.31267164 -1.65869306 -1.47352282 -2.03033486 -0.0289571  -2.76787845  2.31633748]
[-2.53641943 -2.27297311 -2.85474359  0.47417543 -2.35847045  2.39856323 -2.81433482 -0.85296575 -2.36538355  2.39165012 -2.53528107 -2.27183475 -2.82167985 -0.86031078 -2.84732228  0.48159674]
[-1.61073787  0.51714378 -1.69372893  0.61610257 -1.73901399  2.21038104 -2.44339977 -2.17964302 -1.61535111  0.51253053 -1.7027336   0.6070979  -1.74839059  2.20100444 -2.45061908 -2.18686232]
[-2.00178637  1.74883593 -2.01412373 -1.13003858 -2.85282714  2.34515345 -2.17403767 -1.55182629 -2.00290421  1.74771808 -2.17603126 -1.55381987 -2.0208533  -1.13676816 -2.85865976  2.33932083]
[-2.14196108 -2.53715781 -2.7392449  -0.18693428 -1.91438994  2.2254046  -1.59403126  0.3659722  -1.91704417  2.22275037 -2.74826956 -0.19595894 -1.59165029  0.36835317 -2.13664508 -2.53184181]
[-2.20748076 -2.58618043 -2.61318967 -1.3692984  -2.49710177 -2.14582152 -2.88170453  1.02842782 -2.49711453 -2.14583428 -2.87288626  1.03724609 -2.60372064 -1.35982938 -2.21179758 -2.59049724]
[-2.25082465 -1.26540703 -1.8848077  -2.75033767 -1.81236417 -0.97930821 -2.8659944   2.22460792 -1.88410044 -2.7496304  -2.25387025 -1.26845262 -2.85944734  2.23115499 -1.8205925  -0.98753654]
[-1.67950773 -1.43294871 -2.48746366 -1.0670254  -1.82240256  2.56281068 -2.05278424  0.54907423 -2.49681837 -1.07638011 -2.05174509  0.55011337 -1.66987463 -1.42331562 -1.82733629  2.55787695]
[-2.23924029 -2.12908316 -2.88774205  1.87157724 -2.54197928  1.75557666 -1.68628935 -0.34096692 -2.88748526  1.87183403 -1.69430371 -0.34898128 -2.54195673  1.75559921 -2.23099319 -2.12083607]
[-2.86500808  0.12468704 -1.89192332  2.27235649 -1.58313592 -2.71807275 -2.29415822  0.07011013 -2.29297074  0.07129762 -1.58555893 -2.72049576 -1.89636987  2.26790993 -2.86179789  0.12789723]
[-2.11221945  0.57025987 -1.51563199  2.01160644 -2.63699188 -1.59363861 -2.68124271 -0.70554258 -1.51903639  2.00820204 -2.11543835  0.56704098 -2.63109406 -1.58774079 -2.68438155 -0.70868142]
[-1.54625713 -1.66357816 -1.5302538  -0.37174171 -2.46132295 -0.00674696 -2.21239274  2.87622419 -2.46937598 -0.01479998 -2.2142691   2.87434783 -1.52644801 -0.36793592 -1.53917113 -1.65649216]
[-1.75623701  1.81530191 -2.83724311 -2.44052038 -1.62412852 -0.32528017 -1.91496371 -0.07482053 -1.76020986  1.81132907 -1.62601453 -0.32716618 -1.90780529 -0.06766211 -2.83022042 -2.43349768]
[-2.64778148 -0.91459553 -2.8230637  -2.11544643 -2.44529928  1.05866815 -2.71627338  0.90155505 -2.45298317  1.05098427 -2.82724804 -2.11963076 -2.71766097  0.90016747 -2.65453437 -0.92134843]
[-2.82675836 -2.10278869 -1.58246087  2.26186897 -1.51495493 -1.87170045 -1.74666422 -1.55695601 -1.51416317 -1.87090869 -1.74997456 -1.56026636 -2.81883386 -2.0948642  -1.59078564  2.2535442 ]
[-2.16623625  1.67644903 -2.50315812 -0.86854587 -2.50893512 -2.40794344 -1.57275853 -0.00811554 -2.51178694 -0.8771747  -2.50246876 -2.40147708 -2.16950631  1.67317897 -1.58036219 -0.01571921]
[-2.75479935  1.26896753 -2.09228257 -2.39074795 -1.64819445  1.63468698 -2.75649657  2.02373277 -1.65737569  1.62550574 -2.74730906  2.03292027 -2.74656195  1.27720493 -2.09804598 -2.39651137]
[-2.57727086 -2.88726669 -1.93449579 -1.09045435 -2.84371786 -0.49214204 -2.15607527  0.93178893 -2.1590417   0.9288225  -1.92735561 -1.08331417 -2.84711111 -0.4955353  -2.58353816 -2.89353398]
[-1.78241518 -2.8199657  -1.8973672  -1.18455991 -2.23999772 -0.86381215 -2.1399387   0.92099615 -2.23027944 -0.85409386 -2.1348839   0.92605094 -1.78389227 -2.82144279 -1.89998628 -1.187179  ]
[-1.57613075  0.19751448 -2.80797237  1.46101921 -2.88130095 -0.9876621  -2.63492016  1.46247172 -2.81715191  1.45183967 -1.5725067   0.20113853 -2.63042157  1.46697031 -2.88975344 -0.9961146 ]
[-1.87671107 -0.49301019 -1.997129    2.28832189 -2.04906821  2.73541685 -2.13255201  0.20955093 -2.14043708  0.20166586 -1.99338439  2.2920665  -2.05884153  2.72564352 -1.87501022 -0.49130935]
[-2.49097025  1.05434897 -1.82617761  0.5725995  -1.82309208  2.78137151 -2.58696733 -1.77148566 -2.48535259  1.05996662 -1.83258234  0.56619476 -2.58799055 -1.77250888 -1.82803943  2.77642415]
[-2.71736399  1.98610677 -1.76010278 -2.5867104  -2.04580372  1.35507307 -2.5504135   0.57760778 -2.05310238  1.34777442 -2.54518534  0.58283594 -1.75953315 -2.58614077 -2.71728506  1.9861857 ]
[-1.67670632 -1.64821419 -1.67098382  1.94233711 -2.48585168  2.23424005 -1.99061028 -2.48470733 -1.9901968  -2.48429385 -1.67489201 -1.64639989 -2.4886176   2.23147413 -1.66297107  1.95034985]
[-2.40276261 -2.74868216 -2.15397487 -2.10548934 -2.86468241 -0.78129202 -2.67039269  1.42974978 -2.16300369 -2.11451816 -2.40201276 -2.74793231 -2.67544675  1.42469572 -2.85744043 -0.77405004]
[-2.80392313 -0.76055381 -2.36394288  2.8613911  -2.73480885  0.7726133  -2.17059917 -1.89770285 -2.36766891  2.85766507 -2.17367405 -1.90077773 -2.7955963  -0.75222698 -2.7272136   0.78020855]
[-2.77419884 -2.26201184 -2.15819092  1.87024834 -2.4591921  -2.65508412 -2.21349734 -1.05296169 -2.21650748 -1.05597183 -2.46036437 -2.65625639 -2.15184023  1.87659902 -2.78254651 -2.27035951]
[-2.46475756 -2.47825606 -2.57082957  0.68483238 -2.46711563 -2.37622286 -2.04078342  1.81799905 -2.038339    1.82044346 -2.57020727  0.68545468 -2.47604007 -2.3851473  -2.47263394 -2.48613245]
[-2.02775095 -2.62253265 -1.92396764  0.96815107 -2.50748978 -2.55195046 -2.31266264 -2.28096489 -2.30814627 -2.27644852 -2.02686142 -2.62164313 -2.50152657 -2.54598725 -1.91507294  0.97704577]
[-1.79997122 -2.83343168 -2.71804267  0.5255045  -1.89048008 -0.34629166 -2.84594091 -1.73538028 -1.89017532 -0.3459869  -2.72257001  0.52097716 -2.84950436 -1.73894372 -1.79637833 -2.82983879]
[-2.27736106  2.39946787 -1.76812505 -2.8290074  -2.86490782  0.11368847 -1.95383388  1.08819605 -2.86791882  0.11067747 -1.76601581 -2.82689815 -1.95854222  1.08348771 -2.27105454  2.40577438]
[-1.95606362  0.45605615 -1.73262762  0.86990733 -2.21519261  2.09065084 -1.99810101 -2.86981547 -1.99789448 -2.86960894 -2.22180018  2.08404328 -1.7374406   0.86509434 -1.95682221  0.45529756]
[-1.56822922  2.35143128 -2.14379395 -2.880368   -2.03682046 -2.84262674 -1.78332581  2.41091152 -2.03408101 -2.83988728 -2.1459218  -2.88249585 -1.5683287   2.3513318  -1.78564628  2.40859106]
[-2.2982426  -0.57053536 -1.75472952 -0.18934203 -2.77626066 -2.52684921 -1.66167701  1.87037102 -2.76894005 -2.51952861 -1.66809019  1.86395784 -1.75204281 -0.18665532 -2.30151107 -0.57380383]
[-1.90508994 -2.2096041  -2.88832266 -0.39395602 -2.79060008  2.35114172 -2.60623137  0.81961927 -2.89130563 -0.39693898 -2.6055869   0.82026374 -1.9065751  -2.21108926 -2.7849984   2.3567434 ]
[-2.55663404  2.00057669 -1.99795269  0.53837688 -2.57987735 -0.42836164 -1.52116818 -2.51640595 -1.98944261  0.54688695 -2.57595189 -0.42443617 -2.55264395  2.00456678 -1.51865158 -2.51388934]
[-1.94556783  1.39207309 -1.70749769  1.61263659 -1.57660704  0.97515931 -1.96159511 -2.83072697 -1.56707248  0.98469388 -1.96646881 -2.83560067 -1.70584221  1.61429207 -1.9411064   1.39653452]
[-2.16319927  1.39018491 -2.68354968  0.30285185 -1.7924785  -1.79472681 -2.0932972  -2.63456142 -2.09863284 -2.63989706 -1.79803719 -1.8002855  -2.16093443  1.39244975 -2.69009592  0.29630561]
[-2.52305554  1.72250026 -2.47552207 -2.83032856 -2.17832464  1.22276306 -2.01844182 -1.13587521 -2.02076769 -1.13820108 -2.16967696  1.23141073 -2.47256106 -2.82736755 -2.52443204  1.72112376]
[-2.71667842 -2.8462516  -1.51858337 -1.61936169 -1.84084293 -1.04670604 -2.43529849  0.12910786 -2.70727216 -2.83684534 -1.83841044 -1.04427354 -1.52186317 -1.62264149 -2.42580876  0.13859759]
[-1.56143111 -1.83826611 -2.49132001  0.18504894 -2.04927    -1.44163602 -2.09217451  2.17731119 -2.09223101  2.17725468 -2.04800839 -1.44037441 -2.48541811  0.19095084 -1.5530905  -1.82992549]
[-2.0393094  -1.87396847 -1.59738393  2.49570541 -1.51784518 -2.73478348 -2.35955356 -1.66294351 -1.5192545  -2.7361928  -1.59413053  2.49895881 -2.3527138  -1.65610375 -2.03310138 -1.86776045]
[-1.61011021 -1.57657765 -2.76996091 -1.57403953 -2.45405164 -1.88053682 -1.59596286  1.9895351  -1.58838427  1.9971137  -1.61171088 -1.57817832 -2.77752491 -1.58160353 -2.45987274 -1.88635792]
[-1.84219493 -2.47299282 -2.12011623 -0.04522902 -1.83124092  1.90220597 -1.58047053 -2.89104661 -1.83631786 -2.46711575 -1.83211855  1.90132834 -2.1171064  -0.04221919 -1.58886161 -2.89943769]
[-2.07710972  1.26850305 -1.66498348 -2.35265464 -1.75639395 -1.28597805 -1.80950578 -1.18827646 -1.65682787 -2.34449903 -1.75792118 -1.28750528 -2.07079766  1.27481511 -1.81217319 -1.19094388]
[-2.88411729  2.48446893 -1.93103281  2.88618404 -2.64875498 -2.09464435 -1.62885298  0.71468648 -1.62805079  0.71548867 -2.87785026  2.49073596 -1.93274432  2.88447253 -2.65872329 -2.10461265]
[-1.65830256  2.44545032 -2.68115972  2.20261932 -2.49940526  2.36501881 -2.01980954 -1.68295903 -2.50152644  2.36289762 -1.6532268   2.45052608 -2.68139061  2.20238843 -2.01520707 -1.67835657]
[-2.70908076  1.77880183 -2.35291618 -1.95060941 -1.85072673  1.30892464 -1.59935998 -0.88083001 -2.70501311  1.78286947 -2.34325243 -1.94094566 -1.60148799 -0.88295801 -1.84886306  1.31078832]
[-1.64458879  0.2346238  -2.48212288 -2.07303675 -1.53880745  0.78886155 -1.5095808   0.26615163 -2.47965232 -2.0705662  -1.63816819  0.2410444  -1.53536348  0.79230552 -1.50852177  0.26721066]
[-2.45960562  1.61526053 -2.70293779 -1.48672969 -1.95787837  0.2963425  -2.51903521 -2.80117897 -2.52828318 -2.81042693 -1.95570162  0.29851925 -2.4496926   1.62517356 -2.6959004  -1.4796923 ]
[-2.21749553  0.52700427 -2.13899915 -0.7681057  -2.05428366  2.66074135 -1.79163596 -2.31244386 -2.22278227  0.52171753 -1.79783117 -2.31863907 -2.14819004 -0.77729659 -2.05397042  2.66105459]
[-2.3694969   0.40504162 -1.67991478  2.6128955  -2.15745808 -2.45264233 -1.76859219 -1.26005177 -2.35959438  0.41494414 -2.16387724 -2.4590615  -1.67622369  2.61658659 -1.76248977 -1.25394936]
[-2.76303974  1.98636017 -2.54786075  2.38066906 -1.9504945  -0.08190512 -2.4117644  -0.84598007 -2.76732632  1.98207359 -1.9407578  -0.07216843 -2.41462717 -0.84884284 -2.54462556  2.38390425]
[-2.37469653  0.69423507 -2.84594978 -2.04305264 -1.60930515 -2.64490151 -2.6319997   2.78253563 -2.84738261 -2.04448547 -1.60830583 -2.64390218 -2.37850173  0.69042988 -2.62427275  2.79026259]
[-1.87024312 -2.75646535 -1.78884565  0.59424359 -1.79646717 -2.63030594 -2.51026927  0.52161082 -1.79638767 -2.63022644 -2.5064241   0.525456   -1.7938131   0.58927615 -1.87731586 -2.76353809]
[-2.60939373 -2.30045785 -2.10522003  1.90035457 -2.67068029 -1.17380383 -1.68500004  1.35732464 -1.68082793  1.36149675 -2.66505759 -1.16818112 -2.11218916  1.89338544 -2.61927717 -2.3103413 ]
[-1.85409106 -0.88180008 -1.66416382  0.71650645 -2.52930675  2.28893427 -2.29531586  2.70142875 -1.66337147  0.7172988  -1.84868059 -0.87638962 -2.52210095  2.29614007 -2.30067233  2.69607227]
[-2.50332905  0.21061775 -2.13291209  1.74418151 -2.17677432 -2.87153264 -1.82571221 -2.59292319 -2.17440579 -2.86916411 -2.51191985  0.20202695 -1.82485197 -2.59206295 -2.13132518  1.74576842]
[-2.66980677  1.31719762 -2.64444172 -1.52891212 -2.68113147  2.74019205 -1.65973666  2.07379714 -2.68788031  2.73344321 -2.66903882  1.31796556 -1.65298613  2.08054767 -2.64204011 -1.5265105 ]
[-2.33036399  2.75623481 -2.44356028 -1.89300143 -2.33636863 -1.508232   -2.45173935  2.79826108 -2.44945205 -1.8988932  -2.32790788 -1.49977126 -2.33030921  2.75628959 -2.45155294  2.79844748]
[-2.26399644  0.88663825 -2.83596525 -2.31889331 -2.65544266 -1.93250504 -2.58619654  1.77946314 -2.84031845 -2.32324651 -2.5874662   1.77819348 -2.26177807  0.88885663 -2.65595041 -1.93301279]
[-1.95950693 -2.85226061 -1.94526173  0.02345852 -2.57518757 -1.88405965 -1.85479138  0.67391311 -1.86161328  0.6670912  -1.95862446 -2.85137814 -1.95027224  0.01844801 -2.57672817 -1.88560025]
[-1.69370064  1.11654536 -2.28216156  0.47232141 -1.93970685 -1.81293241 -1.5134138  -1.71641009 -1.69271525  1.11753076 -1.932681   -1.80590655 -2.28133401  0.47314896 -1.51434761 -1.71734389]
[-1.86288816  1.58665206 -1.63052546  2.50397035 -2.04444162  2.59636335 -2.88229598 -1.54252809 -1.87090765  1.57863257 -1.62905781  2.505438   -2.8804678  -1.5406999  -2.0365103   2.60429466]
[-1.85570917  0.67410641 -1.67716353 -1.92900041 -2.6794542  -1.47665865 -1.91825395  2.41688815 -1.84684075  0.68297482 -1.66912202 -1.9209589  -1.91503317  2.42010892 -2.68896448 -1.48616893]
[-1.84982658  1.06051203 -2.13215692 -2.59220982 -1.98147182  2.63471133 -1.67777083  1.46664554 -2.12840858 -2.58846148 -1.84265245  1.06768616 -1.97295626  2.64322689 -1.67555776  1.46885861]
[-2.7876317  -1.47245026 -1.59709912 -0.56602817 -1.6512983  -0.55154194 -2.41568069  1.4481787  -1.65357296 -0.5538166  -1.59901755 -0.56794659 -2.7924348  -1.47725336 -2.40963529  1.4542241 ]
[-2.87614324  2.66496111 -1.60377213 -1.43222936 -2.64365353  1.18227066 -1.67517601 -2.42974639 -1.67425756 -2.42882794 -2.64254616  1.18337803 -1.61308375 -1.44154098 -2.87017842  2.67092594]
[-1.6781731   1.17123781 -2.57197415  2.55468754 -1.9357188  -2.51713688 -1.6506072  -0.38694736 -1.643009   -0.37934915 -2.56985951  2.55680219 -1.94209473 -2.52351281 -1.6814052   1.16800571]
[-2.62793424 -0.33488413 -1.70997254  0.55985565 -2.78367451  2.8934209  -2.36234962  2.3423696  -2.78629678  2.89079864 -2.35454318  2.35017604 -2.63599136 -0.34294124 -1.71726345  0.55256473]
[-2.42039098 -2.49424818 -2.0147122  -2.19974954 -2.17240088  0.86321412 -2.74200801  0.06663715 -2.74326238  0.06538278 -2.00613086 -2.19116821 -2.4181251  -2.4919823  -2.16393434  0.87168066]
[-2.57137934 -2.71202723 -1.52378421  1.61789546 -2.57997738  1.47191242 -1.95913858 -2.486781   -2.57400426  1.47788554 -1.95518118 -2.4828236  -1.51502944  1.62665023 -2.58104376 -2.72169165]
[-2.24542511  2.78860983 -2.15457702  0.01229497 -2.72249139 -1.26447802 -2.53943609 -1.81489334 -2.16327847  0.00359352 -2.54483987 -1.82029712 -2.23945331  2.79458162 -2.71393127 -1.25591789]
[-2.20227456  0.17043937 -1.8983469   1.61912663 -2.01514068  2.79087376 -1.6783674  -0.28258072 -2.01665712  2.78935732 -1.67513643 -0.27934975 -1.90815478  1.60931875 -2.20721968  0.16549424]
[-1.54002016 -1.4545684  -1.77402971  2.31574083 -2.87817131 -0.69176302 -2.42866791  2.63864071 -1.53096745 -1.44551569 -2.43294568  2.63436294 -1.76779851  2.32197203 -2.88377457 -0.69736629]
[-1.96899981 -0.01469284 -2.8237951  -1.57642597 -2.10617001  2.87599766 -2.16985138 -1.88309689 -2.82024984 -1.57288071 -1.97025642 -0.01594946 -2.17337762 -1.88662313 -2.10099781  2.88116987]
[-2.13964707 -0.90911332 -1.92878711 -2.56178964 -2.68099188  1.2481205  -1.53926064  2.49326536 -2.1346416  -0.90410785 -1.93310529 -2.56610781 -2.6749302   1.25418218 -1.54113382  2.49139218]
[-1.9046569  -0.57317586 -2.0064764   2.87913049 -2.66434188  2.17535852 -2.68313068  1.89852617 -2.68892227  1.89273458 -1.90535514 -0.5738741  -2.66006423  2.17963617 -2.00531053  2.88029636]
[-2.83001321 -1.7471314  -1.7057172   1.46082699 -2.09672087  2.45545862 -2.81132558  2.84784819 -1.71004216  1.45650203 -2.08889524  2.46328425 -2.80936402  2.84980975 -2.82580764 -1.74292583]
[-2.71354089  1.62360103 -2.75551348 -1.90106173 -2.84861666 -1.50275396 -2.77853696 -2.15704985 -2.7734264  -2.15193929 -2.75263246 -1.89818071 -2.72299675  1.61414516 -2.84482388 -1.49896118]
[-2.5827553  -0.07631173 -2.84725129  1.84388205 -1.50932288 -1.01936123 -2.19561474 -2.59409787 -2.59148634 -0.08504277 -1.5098261  -1.01986444 -2.85049331  1.84064003 -2.1953705  -2.59385363]
[-1.70332243  0.21785861 -2.87122779 -2.74703625 -2.13113214  1.97869627 -2.85599485 -1.46759974 -2.87216781 -2.74797628 -2.86037092 -1.47197581 -1.69596087  0.22522017 -2.12604923  1.98377918]
[-2.46666018 -2.89517168 -2.7223033  -1.80627891 -2.40533891  2.74780119 -1.66384242  0.47469474 -2.40270685  2.75043324 -2.72811902 -1.81209462 -1.65478053  0.48375662 -2.46705506 -2.89556656]
[-2.72335844  1.78829199 -2.87850902  2.58958348 -1.73891534 -2.80976691 -2.66097311 -0.98167913 -2.86986527  2.59822723 -1.74203834 -2.81288991 -2.65332524 -0.97403127 -2.71660442  1.79504601]
[-1.82228138 -2.45006765 -2.10292068  1.20968414 -1.66913171  2.49176665 -1.6964855  -2.21001512 -1.81678082 -2.44456709 -1.66186224  2.49903612 -1.70568028 -2.2192099  -2.10875713  1.2038477 ]
[-1.76622995  2.72677915 -1.57358206 -1.73697992 -2.87679858 -1.6489792  -2.72666138  1.56006733 -1.57552296 -1.73892082 -1.76968863  2.72332047 -2.87960378 -1.6517844  -2.73567231  1.5510564 ]
[-1.60135355 -1.59941492 -1.68994915 -2.02175847 -2.39781609  2.8105073  -1.78226554  1.80316006 -2.39348593  2.81483745 -1.68370958 -2.0155189  -1.78164348  1.80378213 -1.60050989 -1.59857126]
[-2.49137348 -2.81101657 -2.35661073  2.44236906 -2.6629915  -0.48062093 -1.74675132  0.42340189 -2.65312674 -0.47075617 -2.48393709 -2.80358018 -2.35768437  2.44129542 -1.74051964  0.42963358]
[-2.18996702  2.16711773 -2.64840339 -0.22147132 -2.29689743 -0.01312542 -2.65823077 -2.02935633 -2.662083   -2.03320857 -2.18015494  2.17692981 -2.64246518 -0.21553311 -2.29949473 -0.01572272]
[-1.75252683  0.55126523 -1.53160336  2.33107494 -2.07181064 -2.71758906 -2.77266032 -2.52451231 -1.75643085  0.54736122 -1.5336153   2.32906299 -2.06614889 -2.71192731 -2.76899207 -2.52084405]
[-2.31803828  2.8497846  -2.34304347 -0.21871631 -1.60438484 -2.04075372 -2.11349215  1.62728803 -2.32051222  2.84731067 -1.59806213 -2.03443101 -2.34716483 -0.22283768 -2.11467174  1.62610844]
[-1.67805115 -2.70631853 -2.1493999   0.24013762 -1.74796713 -2.71770433 -2.79048554  1.90341223 -2.78237021  1.91152757 -2.14549583  0.2440417  -1.74475454 -2.71449173 -1.67085541 -2.69912279]
[-2.48931405  2.60275284 -2.68667563 -2.8221841  -1.70306158 -0.37196652 -2.23688836  0.76098979 -2.49503531  2.59703158 -1.71009725 -0.37900219 -2.24473062  0.75314753 -2.67875543 -2.8142639 ]
[-2.18462283e+00 -2.48105791e-03 -2.06103272e+00  1.53858929e+00 -2.29563580e+00  2.37219962e+00 -1.71693252e+00 -2.50371208e+00 -2.29382589e+00  2.37400953e+00 -2.05232940e+00  1.54729261e+00 -2.19341915e+00 -1.12773760e-02 -1.71994022e+00 -2.50671978e+00]
[-2.10165179  2.56378997 -2.17572403 -1.7728264  -1.72128326 -1.44889139 -1.91038524  0.24211177 -2.09741882  2.56802294 -2.17499593 -1.7720983  -1.71288485 -1.44049297 -1.91898355  0.23351345]
[-2.79320234 -1.29234888 -1.60698424  1.54311311 -1.99309182  2.49988459 -2.05190651  1.93967225 -1.99058372  2.50239269 -2.79537598 -1.29452252 -1.61306749  1.53702986 -2.06036352  1.93121523]
[-1.85163874 -0.55557796 -2.73128314 -1.68572895 -2.7091339   2.69180736 -2.21670432  2.25227705 -2.7385892  -1.69303502 -1.85630234 -0.56024156 -2.22174191  2.24723945 -2.70757903  2.69336222]
[-2.14360098  2.33053748 -1.67987807  2.03470075 -1.81453768 -0.45356569 -1.75937309 -2.1331306  -1.68532191  2.02925691 -1.7682241  -2.14198162 -2.1495964   2.32454207 -1.82083544 -0.45986345]
[-2.11036338 -2.78765141 -2.71950676 -1.27408407 -1.77421858 -1.54385353 -2.08897617  2.71461619 -2.72615736 -1.28073466 -2.07993702  2.72365534 -2.11455769 -2.79184572 -1.77911426 -1.54874921]
[-1.58596872  2.77851004 -1.8956705   1.43676833 -1.75146684  1.2661771  -2.64254073 -1.57108681 -1.75581216  1.26183178 -1.58281111  2.78166765 -2.64952133 -1.57806741 -1.89761897  1.43481986]
[-2.58767415  0.55122205 -2.11166802 -2.23883684 -2.57121943 -2.14423333 -2.4994101   2.23137662 -2.50500477  2.22578195 -2.10523354 -2.23240236 -2.58219837  0.55669784 -2.56477527 -2.13778917]
[-2.0943083   1.94369062 -2.08258417 -2.75284035 -2.36555017 -2.37611563 -2.8971265   0.41676444 -2.88972415  0.42416679 -2.09859686  1.93940206 -2.3613975  -2.37196296 -2.08563782 -2.75589401]
[-1.88302028e+00 -1.69551247e+00 -2.54290371e+00 -2.25969978e+00 -2.63866687e+00 -1.12265005e-02 -2.55056259e+00  2.04188730e+00 -2.54003439e+00 -2.25683046e+00 -2.62985218e+00 -2.41181006e-03 -1.87998006e+00 -1.69247226e+00 -2.55275302e+00  2.03969687e+00]
[-2.54043947 -2.65320029 -2.88405188  0.66400112 -2.19816969  2.83882667 -2.89031888 -0.35216317 -2.54310697 -2.65586779 -2.19998264  2.83701372 -2.88105729 -0.34290158 -2.89329901  0.65475399]
[-2.01898544 -2.70073524 -2.17126365  2.1127721  -1.67454224 -1.47831705 -1.52977273 -2.85028664 -1.67734761 -1.48112242 -2.01854886 -2.70029866 -2.17732215  2.10671359 -1.52222284 -2.84273674]
[-2.64285342 -2.67086458 -1.83237965  2.146378   -2.1659959  -2.51262273 -2.27359546  1.95736166 -1.84094146  2.13781619 -2.1726911  -2.51931794 -2.27155117  1.95940595 -2.64834629 -2.67635744]
[-2.16864954 -1.04583812 -1.5546866   2.53898638 -1.60851163 -0.55226456 -2.79499217  2.09580648 -1.60401425 -0.54776717 -2.7949543   2.09584435 -2.17298338 -1.05017196 -1.55175473  2.54191826]
[-2.79643291 -0.07366227 -2.68346218 -2.79522816 -2.5621111  -0.03403362 -2.03357891  1.9065723  -2.56421314 -0.03613566 -2.03206199  1.90808922 -2.68049205 -2.79225803 -2.801969   -0.07919836]
[-1.68239405  0.34686741 -2.8570034   1.85441613 -2.7050858  -2.7168775  -2.25111611  2.67342316 -1.67263987  0.35662159 -2.866006    1.84541352 -2.71050385 -2.72229555 -2.25273043  2.67180883]
[-2.88180632 -2.01858502 -1.88141529 -0.85789743 -2.25621563  1.48109286 -2.53359034 -2.67906099 -2.53853587 -2.68400652 -2.87752691 -2.0143056  -2.25308213  1.48422637 -1.8796591  -0.85614123]
[-2.64367001 -2.58843275 -2.30812347  0.32139481 -2.62784554  2.11436447 -1.5444163  -2.37128288 -2.6361647   2.10604531 -2.63760532 -2.58236807 -2.30991259  0.31960569 -1.54096119 -2.36782777]
[-2.78770213  2.34701259 -2.6029638  -2.45010439 -2.37551938  0.18430992 -2.19934409 -2.12457224 -2.7878549   2.34685982 -2.38178415  0.17804514 -2.20823723 -2.13346538 -2.61096432 -2.45810491]
[-2.76683148 -0.46209283 -2.66279     2.19267393 -1.67832921  2.28344463 -2.78972144 -2.6822656  -1.67305519  2.28871865 -2.7809381  -2.67348226 -2.66223741  2.19322652 -2.76231443 -0.45757577]
[-1.50549447 -0.19473595 -2.48920158 -2.66080784 -1.87186449  0.81640071 -1.49622329 -0.37786079 -1.50296201 -0.38459951 -2.48726318 -2.65886944 -1.51441026 -0.20365174 -1.87158098  0.81668422]
[-1.59246301  2.07587655 -2.50289984 -2.87021561 -1.89057635  2.83221486 -2.32706839  1.50915515 -2.33549134  1.5007322  -1.8962994   2.82649181 -2.51068093 -2.8779967  -1.59253635  2.07580321]
[-1.93658848 -1.51995726 -2.46298541  0.28283301 -2.68832165  2.287471   -2.34788272  2.70026798 -2.34179824  2.70635246 -2.68428916  2.29150349 -2.4645817   0.28123672 -1.94510724 -1.52847602]
[-2.11727038  2.70064873 -1.87890519 -2.5947927  -2.51129686  0.58781583 -1.61898686  2.46862864 -1.88766924 -2.60355676 -1.61193643  2.47567906 -2.12720696  2.69071215 -2.50666225  0.59245044]
[-1.69038294  0.34692737 -1.88359156 -1.87168843 -2.5976763   1.5023967  -1.69103869 -2.78309629 -2.59673591  1.50333709 -1.88791873 -1.8760156  -1.69324682 -2.78530442 -1.6956682   0.3416421 ]
[-2.5513194   2.4088491  -1.89324523 -2.27377949 -2.03647178 -1.56388011 -2.13934289  0.73546752 -1.88729454 -2.2678288  -2.13869751  0.7361129  -2.55987402  2.40029448 -2.02876246 -1.55617079]
[-2.22768002 -0.86611783 -1.91465034  2.43177702 -2.83737188 -2.48505811 -1.51375866  1.93541847 -1.50915535  1.94002178 -1.92052754  2.42589982 -2.84437981 -2.49206604 -2.23639119 -0.874829  ]
[-1.89267619  0.37909009 -2.6311359   2.70042748 -2.48413483 -2.29597137 -2.70515234 -2.82545859 -2.63462762  2.69693576 -2.48809804 -2.29993457 -2.69795844 -2.81826469 -1.89767602  0.37409026]
[-1.65126136 -0.68328502 -2.58374983  2.7337792  -2.28205843 -2.31421314 -1.71395173  1.98997337 -1.70727592  1.99664919 -1.65329043 -0.6853141  -2.27867272 -2.31082744 -2.58387031  2.73365872]
[-1.58617262 -1.82420554 -1.5967803   1.75935506 -1.59462575  2.52632478 -2.50633562 -2.13559589 -2.49813848 -2.12739874 -1.58808746  1.76804791 -1.58676004 -1.82479296 -1.59358193  2.5273686 ]
[-1.55742923 -1.00214652 -1.67814146  2.26444454 -2.40007198 -0.86122185 -2.34922449 -2.54446339 -2.34857061 -2.54380951 -2.39119675 -0.85234662 -1.68812572  2.25446029 -1.55172708 -0.99644436]
[-2.6636128  -2.17443952 -1.60956878  2.42243115 -2.71215599  0.03157375 -2.339877    2.6942198  -1.603346    2.42865393 -2.34717414  2.68692266 -2.65646207 -2.16728879 -2.71088918  0.03284056]
[-2.49585269 -1.76868667 -2.77447687  1.06757897 -2.72711589 -2.8336229  -2.78260247  2.14014522 -2.49076073 -1.76359471 -2.77688584  2.14586185 -2.7765359   1.06551995 -2.73143877 -2.83794578]
[-1.72792501 -0.76582677 -2.57860273  2.89251289 -1.76167895 -2.66160933 -1.63304919  2.17197735 -1.63254075  2.17248579 -1.71860758 -0.75650934 -2.58786802  2.8832476  -1.75572629 -2.65565667]
[-1.54774712  0.33536827 -1.79792245 -2.70070193 -2.62780799  2.77353185 -1.99949606 -1.32588358 -1.78912146 -2.69190094 -2.63209757  2.76924227 -1.55488377  0.32823162 -1.99547299 -1.32186052]
[-2.05359352 -2.83797928 -2.01103129  2.69398116 -2.32602226 -2.77775749 -2.51913957  2.20960859 -2.50965654  2.21909161 -2.01576873  2.68924372 -2.06039989 -2.84478565 -2.31810259 -2.76983782]
[-1.75299285  2.61510192 -2.27116503 -2.8175073  -1.6722758   0.91139777 -2.82421396 -1.53207448 -2.26431732 -2.81065959 -1.67770459  0.90596898 -1.74779574  2.62029902 -2.82872266 -1.53658319]
[-2.56467492  1.01231506 -1.66372623  1.92470039 -2.5278955  -2.89187944 -2.74190572 -2.48073118 -2.53145412 -2.89543806 -2.57030313  1.00668685 -1.67035172  1.9180749  -2.74864966 -2.48747512]
[-1.64388419  2.74343296 -2.87210779  2.74380733 -1.50400937 -2.09197195 -2.8046949  -2.47734717 -1.64553911  2.74177805 -1.50207129 -2.09003386 -2.80124114 -2.4738934  -2.87935869  2.73655642]
[-1.50847549 -2.44280706 -2.44095002  2.59575255 -1.56280338  0.72997869 -1.72089778 -2.84805625 -1.5716292   0.72115287 -1.72683085 -2.85398932 -1.51492392 -2.44925549 -2.44901868  2.58768389]
[-2.7856118   0.54174929 -1.59114205 -2.11861367 -2.18648318  1.06249505 -2.66784329 -2.84309757 -2.77865854  0.54870255 -1.59661419 -2.12408582 -2.18178279  1.06719544 -2.65943834 -2.83469262]
[-1.72153356  1.98866827 -2.73701618 -0.06205369 -2.52733317  2.89808996 -1.7476886  -2.84005516 -1.72272904  1.98747279 -1.74107546 -2.83344203 -2.52614357  2.89927957 -2.73244341 -0.05748092]
[-2.10857146 -2.81935055 -2.5920033   1.22733972 -2.83782969 -2.27673637 -2.79341783  2.71602089 -2.83762737 -2.27653405 -2.58400693  1.23533609 -2.11639623 -2.82717532 -2.79923601  2.71020271]
